Random omega: [3.401877, -1.056171, 2.830992]
INITIAL
[ 0000.0000, ]
[ 0000.0000, ]
[ 0000.0000, ]
[ 0000.0000, ]
[ 0000.0000, ]
[ 0000.0000, ]
[ 0000.0000, ]
[ 0000.0000, ]
[ 0000.0000, ]

[ 0010.0000,  0000.0000,  0000.0000,  0000.0000,  0000.0000,  0000.0000,  0000.0000,  0000.0000,  0000.0000, ]
[ 0000.0000,  0010.0000,  0000.0000,  0000.0000,  0000.0000,  0000.0000,  0000.0000,  0000.0000,  0000.0000, ]
[ 0000.0000,  0000.0000,  0010.0000,  0000.0000,  0000.0000,  0000.0000,  0000.0000,  0000.0000,  0000.0000, ]
[ 0000.0000,  0000.0000,  0000.0000,  0010.0000,  0000.0000,  0000.0000,  0000.0000,  0000.0000,  0000.0000, ]
[ 0000.0000,  0000.0000,  0000.0000,  0000.0000,  0010.0000,  0000.0000,  0000.0000,  0000.0000,  0000.0000, ]
[ 0000.0000,  0000.0000,  0000.0000,  0000.0000,  0000.0000,  0010.0000,  0000.0000,  0000.0000,  0000.0000, ]
[ 0000.0000,  0000.0000,  0000.0000,  0000.0000,  0000.0000,  0000.0000,  0010.0000,  0000.0000,  0000.0000, ]
[ 0000.0000,  0000.0000,  0000.0000,  0000.0000,  0000.0000,  0000.0000,  0000.0000,  0010.0000,  0000.0000, ]
[ 0000.0000,  0000.0000,  0000.0000,  0000.0000,  0000.0000,  0000.0000,  0000.0000,  0000.0000,  0010.0000, ]

PREDICT
[ 0000.0000, ]
[ 0000.0000, ]
[ 0000.0000, ]
[ 0000.0000, ]
[ 0000.0000, ]
[ 0000.0000, ]
[ 0000.0000, ]
[ 0000.0000, ]
[ 0000.0000, ]

[ 0010.6313,  0000.0000,  0000.0000,  0002.5250,  0000.0000,  0000.0000,  0000.0250,  0000.0000,  0000.0000, ]
[ 0000.0000,  0010.6313,  0000.0000,  0000.0000,  0002.5250,  0000.0000,  0000.0000,  0000.0250,  0000.0000, ]
[ 0000.0000,  0000.0000,  0010.6313,  0000.0000,  0000.0000,  0002.5250,  0000.0000,  0000.0000,  0000.0250, ]
[ 0002.5250,  0000.0000,  0000.0000,  0020.1000,  0000.0000,  0000.0000,  0000.1000,  0000.0000,  0000.0000, ]
[ 0000.0000,  0002.5250,  0000.0000,  0000.0000,  0020.1000,  0000.0000,  0000.0000,  0000.1000,  0000.0000, ]
[ 0000.0000,  0000.0000,  0002.5250,  0000.0000,  0000.0000,  0020.1000,  0000.0000,  0000.0000,  0000.1000, ]
[ 0000.0250,  0000.0000,  0000.0000,  0000.1000,  0000.0000,  0000.0000,  0010.1000,  0000.0000,  0000.0000, ]
[ 0000.0000,  0000.0250,  0000.0000,  0000.0000,  0000.1000,  0000.0000,  0000.0000,  0010.1000,  0000.0000, ]
[ 0000.0000,  0000.0000,  0000.0250,  0000.0000,  0000.0000,  0000.1000,  0000.0000,  0000.0000,  0010.1000, ]

UPDATE
[ 0000.0063, ]
[ 0000.4050, ]
[-0000.1257, ]
[ 0000.0253, ]
[ 0001.6199, ]
[-0000.5029, ]
[ 0000.0253, ]
[ 0000.0160, ]
[-0000.0050, ]

[ 0010.6312,  0000.0000,  0000.0000,  0002.5248,  0000.0000,  0000.0000,  0000.0248,  0000.0000,  0000.0000, ]
[ 0000.0000,  0010.3307,  0000.0000,  0000.0000,  0001.3227,  0000.0000,  0000.0000,  0000.0131,  0000.0000, ]
[ 0000.0000,  0000.0000,  0010.3307,  0000.0000,  0000.0000,  0001.3227,  0000.0000,  0000.0000,  0000.0131, ]
[ 0002.5248,  0000.0000,  0000.0000,  0020.0991,  0000.0000,  0000.0000,  0000.0991,  0000.0000,  0000.0000, ]
[ 0000.0000,  0001.3227,  0000.0000,  0000.0000,  0015.2907,  0000.0000,  0000.0000,  0000.0524,  0000.0000, ]
[ 0000.0000,  0000.0000,  0001.3227,  0000.0000,  0000.0000,  0015.2907,  0000.0000,  0000.0000,  0000.0524, ]
[ 0000.0248,  0000.0000,  0000.0000,  0000.0991,  0000.0000,  0000.0000,  0010.0991,  0000.0000,  0000.0000, ]
[ 0000.0000,  0000.0131,  0000.0000,  0000.0000,  0000.0524,  0000.0000,  0000.0000,  0010.0995,  0000.0000, ]
[ 0000.0000,  0000.0000,  0000.0131,  0000.0000,  0000.0000,  0000.0524,  0000.0000,  0000.0000,  0010.0995, ]

PREDICT
[ 0000.0077, ]
[ 0000.8148, ]
[-0000.2558, ]
[ 0000.0000, ]
[ 0000.0000, ]
[ 0000.0000, ]
[ 0000.0000, ]
[ 0000.0000, ]
[ 0000.0000, ]

[ 0018.8606, -0000.1361, -0000.2861,  0005.2161, -0000.4587, -0000.6778,  0000.0249, -0000.0063, -0000.0198, ]
[-0000.1361,  0019.7158, -0000.3963, -0000.4917, -0011.6358,  0004.7651, -0000.0183,  0000.0119,  0000.0038, ]
[-0000.2861, -0000.3963,  0018.2492, -0000.6446,  0004.7708,  0002.2029,  0000.0260,  0000.0032,  0000.0221, ]
[ 0005.2161, -0000.4917, -0000.6446,  0030.2369,  0000.1797, -0000.0558,  0000.1179,  0000.0002, -0000.0001, ]
[-0000.4587, -0011.6358,  0004.7708,  0000.1797,  0035.9009, -0003.2569,  0000.0163,  0000.1208, -0000.0032, ]
[-0000.6778,  0004.7651,  0002.2029, -0000.0558, -0003.2569,  0026.4218, -0000.0051, -0000.0032,  0000.1114, ]
[ 0000.0249, -0000.0183,  0000.0260,  0000.1179,  0000.0163, -0000.0051,  0010.1010,  0000.0000, -0000.0000, ]
[-0000.0063,  0000.0119,  0000.0032,  0000.0002,  0000.1208, -0000.0032,  0000.0000,  0010.1010, -0000.0000, ]
[-0000.0198,  0000.0038,  0000.0221, -0000.0001, -0000.0032,  0000.1114, -0000.0000, -0000.0000,  0010.1010, ]

UPDATE
[ 0000.0142, ]
[ 0001.0747, ]
[-0000.3319, ]
[ 0000.0297, ]
[ 0001.0345, ]
[-0000.3212, ]
[ 0000.0255, ]
[ 0000.0074, ]
[-0000.0023, ]

[ 0018.8374, -0000.1037, -0000.1822,  0005.2158, -0000.3243, -0000.2429,  0000.0247, -0000.0053, -0000.0166, ]
[-0000.1037,  0019.1603, -0000.3829, -0000.4918, -0013.8659,  0004.7878, -0000.0183, -0000.0041,  0000.0040, ]
[-0000.1822, -0000.3829,  0017.7326, -0000.6448,  0004.8028,  0000.0523,  0000.0259,  0000.0035,  0000.0067, ]
[ 0005.2158, -0000.4918, -0000.6448,  0030.2356,  0000.1797, -0000.0558,  0000.1168,  0000.0002, -0000.0001, ]
[-0000.3243, -0013.8659,  0004.8028,  0000.1797,  0026.9464, -0003.2569,  0000.0163,  0000.0566, -0000.0032, ]
[-0000.2429,  0004.7878,  0000.0523, -0000.0558, -0003.2569,  0017.4673, -0000.0051, -0000.0032,  0000.0472, ]
[ 0000.0247, -0000.0183,  0000.0259,  0000.1168,  0000.0163, -0000.0051,  0010.1001,  0000.0000, -0000.0000, ]
[-0000.0053, -0000.0041,  0000.0035,  0000.0002,  0000.0566, -0000.0032,  0000.0000,  0010.1005, -0000.0000, ]
[-0000.0166,  0000.0040,  0000.0067, -0000.0001, -0000.0032,  0000.0472, -0000.0000, -0000.0000,  0010.1005, ]

PREDICT
[ 0000.0623, ]
[-0000.8857, ]
[ 0000.3026, ]
[ 0000.0000, ]
[ 0000.0000, ]
[ 0000.0000, ]
[ 0000.0000, ]
[ 0000.0000, ]
[ 0000.0000, ]

[ 0020.9691, -0000.6103,  0000.8427,  0000.5698, -0002.5964, -0007.4865, -0000.0053, -0000.0180, -0000.0587, ]
[-0000.6103,  0005.8718,  0003.8510,  0003.1991,  0005.1851, -0001.5291,  0000.0175,  0000.0242, -0000.0083, ]
[ 0000.8427,  0003.8510,  0018.6885,  0009.7003, -0002.1432,  0000.5473,  0000.0614, -0000.0101, -0000.0021, ]
[ 0000.5698,  0003.1991,  0009.7003,  0040.3785,  0000.3807,  0000.0027,  0000.1196,  0000.0002,  0000.0003, ]
[-0002.5964,  0005.1851, -0002.1432,  0000.3807,  0041.3455, -0004.4172,  0000.0119,  0000.1139, -0000.0014, ]
[-0007.4865, -0001.5291,  0000.5473,  0000.0027, -0004.4172,  0027.9974, -0000.0038, -0000.0015,  0000.1097, ]
[-0000.0053,  0000.0175,  0000.0614,  0000.1196,  0000.0119, -0000.0038,  0010.1010,  0000.0000, -0000.0000, ]
[-0000.0180,  0000.0242, -0000.0101,  0000.0002,  0000.1139, -0000.0015,  0000.0000,  0010.1010, -0000.0000, ]
[-0000.0587, -0000.0083, -0000.0021,  0000.0003, -0000.0014,  0000.1097, -0000.0000, -0000.0000,  0010.1010, ]

UPDATE
[ 0000.0805, ]
[-0000.4815, ]
[ 0000.1736, ]
[ 0000.0442, ]
[ 0001.6952, ]
[-0000.5226, ]
[ 0000.0256, ]
[ 0000.0067, ]
[-0000.0021, ]

[ 0018.6641, -0000.5066,  0000.7805,  0000.6064, -0000.7717, -0002.9637, -0000.0053, -0000.0072, -0000.0287, ]
[-0000.6449,  0004.8781,  0004.2105,  0003.1635,  0000.9593, -0000.2559,  0000.0171,  0000.0075, -0000.0032, ]
[ 0000.8306,  0004.2120,  0018.5572,  0009.7128, -0000.5927,  0000.1345,  0000.0609, -0000.0039, -0000.0036, ]
[ 0000.6014,  0003.1616,  0009.7135,  0040.3755,  0000.2024, -0000.0158,  0000.1185, -0000.0005,  0000.0000, ]
[-0001.3627,  0000.8765, -0000.5690,  0000.2078,  0022.1930, -0001.6867,  0000.0109,  0000.0359,  0000.0024, ]
[-0002.7962, -0000.5348,  0000.2373, -0000.0282, -0002.9789,  0017.3341, -0000.0035, -0000.0030,  0000.0430, ]
[-0000.0053,  0000.0171,  0000.0609,  0000.1185,  0000.0109, -0000.0035,  0010.1001,  0000.0000, -0000.0000, ]
[-0000.0096,  0000.0069, -0000.0037, -0000.0005,  0000.0350,  0000.0024,  0000.0000,  0010.1007, -0000.0000, ]
[-0000.0281, -0000.0050, -0000.0030, -0000.0000, -0000.0058,  0000.0439, -0000.0000, -0000.0001,  0010.1006, ]

PREDICT
[-0000.0081, ]
[ 0000.6474, ]
[-0000.4056, ]
[ 0000.0000, ]
[ 0000.0000, ]
[ 0000.0000, ]
[ 0000.0000, ]
[ 0000.0000, ]
[ 0000.0000, ]

[ 0041.2795, -0004.7827, -0006.4286,  0026.8338,  0001.8022,  0005.1078,  0000.0369,  0000.0090,  0000.0272, ]
[-0004.7827,  0039.4588, -0007.2560, -0008.2628, -0049.4647,  0017.7790, -0000.0962,  0000.0044,  0000.0104, ]
[-0006.4286, -0007.2560,  0041.4800, -0014.4493,  0034.1628, -0003.0407,  0000.0213,  0000.0091,  0000.0207, ]
[ 0026.8338, -0008.2628, -0014.4493,  0050.5207,  0000.7439, -0000.1227,  0000.1179,  0000.0001,  0000.0001, ]
[ 0001.8022, -0049.4647,  0034.1628,  0000.7439,  0044.1916, -0009.1134,  0000.0192,  0000.1111, -0000.0031, ]
[ 0005.1078,  0017.7790, -0003.0407, -0000.1227, -0009.1134,  0028.5406, -0000.0060, -0000.0006,  0000.1088, ]
[ 0000.0369, -0000.0962,  0000.0213,  0000.1179,  0000.0192, -0000.0060,  0010.1010,  0000.0000, -0000.0000, ]
[ 0000.0090,  0000.0044,  0000.0091,  0000.0001,  0000.1111, -0000.0006,  0000.0000,  0010.1010, -0000.0000, ]
[ 0000.0272,  0000.0104,  0000.0207,  0000.0001, -0000.0031,  0000.1088, -0000.0000, -0000.0000,  0010.1010, ]

UPDATE
[-0000.0522, ]
[ 0000.9462, ]
[-0000.4875, ]
[ 0000.0508, ]
[ 0001.1625, ]
[-0000.4320, ]
[ 0000.0256, ]
[ 0000.0052, ]
[-0000.0011, ]

[ 0040.1197, -0005.3182, -0007.9624,  0026.8104,  0001.4462,  0001.9019,  0000.0366,  0000.0018,  0000.0051, ]
[-0005.1120,  0038.1372, -0007.6753, -0008.3488, -0053.7896,  0017.8944, -0000.0965, -0000.0175,  0000.0044, ]
[-0007.9653, -0007.9493,  0039.4472, -0014.4784,  0033.7500, -0007.3031,  0000.0216, -0000.0001, -0000.0085, ]
[ 0026.8244, -0008.3464, -0014.4598,  0050.5139,  0000.4538, -0000.0778,  0000.1169, -0000.0013, -0000.0000, ]
[ 0002.1909, -0053.5090,  0034.7357,  0000.4643,  0029.0557, -0004.3339,  0000.0179,  0000.0419,  0000.0052, ]
[ 0001.7210,  0017.2410, -0007.5343, -0000.1202, -0006.4479,  0018.2786, -0000.0056, -0000.0042,  0000.0441, ]
[ 0000.0366, -0000.0964,  0000.0217,  0000.1169,  0000.0179, -0000.0055,  0010.1001,  0000.0000, -0000.0000, ]
[ 0000.0053, -0000.0171,  0000.0045, -0000.0013,  0000.0384,  0000.0066,  0000.0000,  0010.1006, -0000.0001, ]
[ 0000.0051,  0000.0004, -0000.0085, -0000.0003, -0000.0090,  0000.0474, -0000.0000, -0000.0001,  0010.1006, ]

