Random omega: [3.401877, -1.056171, 2.830992]
INITIAL
[ 0000.0000, ]
[ 0000.0000, ]
[ 0000.0000, ]
[ 0000.0000, ]
[ 0000.0000, ]
[ 0000.0000, ]
[ 0000.0000, ]
[ 0000.0000, ]
[ 0000.0000, ]

[ 0010.0000,  0000.0000,  0000.0000,  0000.0000,  0000.0000,  0000.0000,  0000.0000,  0000.0000,  0000.0000, ]
[ 0000.0000,  0010.0000,  0000.0000,  0000.0000,  0000.0000,  0000.0000,  0000.0000,  0000.0000,  0000.0000, ]
[ 0000.0000,  0000.0000,  0010.0000,  0000.0000,  0000.0000,  0000.0000,  0000.0000,  0000.0000,  0000.0000, ]
[ 0000.0000,  0000.0000,  0000.0000,  0010.0000,  0000.0000,  0000.0000,  0000.0000,  0000.0000,  0000.0000, ]
[ 0000.0000,  0000.0000,  0000.0000,  0000.0000,  0010.0000,  0000.0000,  0000.0000,  0000.0000,  0000.0000, ]
[ 0000.0000,  0000.0000,  0000.0000,  0000.0000,  0000.0000,  0010.0000,  0000.0000,  0000.0000,  0000.0000, ]
[ 0000.0000,  0000.0000,  0000.0000,  0000.0000,  0000.0000,  0000.0000,  0010.0000,  0000.0000,  0000.0000, ]
[ 0000.0000,  0000.0000,  0000.0000,  0000.0000,  0000.0000,  0000.0000,  0000.0000,  0010.0000,  0000.0000, ]
[ 0000.0000,  0000.0000,  0000.0000,  0000.0000,  0000.0000,  0000.0000,  0000.0000,  0000.0000,  0010.0000, ]

PREDICT
[ 0000.0000, ]
[ 0000.0000, ]
[ 0000.0000, ]
[ 0000.0000, ]
[ 0000.0000, ]
[ 0000.0000, ]
[ 0000.0000, ]
[ 0000.0000, ]
[ 0000.0000, ]

[ 0010.6313,  0000.0000,  0000.0000,  0002.5250,  0000.0000,  0000.0000,  0000.0250,  0000.0000,  0000.0000, ]
[ 0000.0000,  0010.6313,  0000.0000,  0000.0000,  0002.5250,  0000.0000,  0000.0000,  0000.0250,  0000.0000, ]
[ 0000.0000,  0000.0000,  0010.6313,  0000.0000,  0000.0000,  0002.5250,  0000.0000,  0000.0000,  0000.0250, ]
[ 0002.5250,  0000.0000,  0000.0000,  0020.1000,  0000.0000,  0000.0000,  0000.1000,  0000.0000,  0000.0000, ]
[ 0000.0000,  0002.5250,  0000.0000,  0000.0000,  0020.1000,  0000.0000,  0000.0000,  0000.1000,  0000.0000, ]
[ 0000.0000,  0000.0000,  0002.5250,  0000.0000,  0000.0000,  0020.1000,  0000.0000,  0000.0000,  0000.1000, ]
[ 0000.0250,  0000.0000,  0000.0000,  0000.1000,  0000.0000,  0000.0000,  0010.1000,  0000.0000,  0000.0000, ]
[ 0000.0000,  0000.0250,  0000.0000,  0000.0000,  0000.1000,  0000.0000,  0000.0000,  0010.1000,  0000.0000, ]
[ 0000.0000,  0000.0000,  0000.0250,  0000.0000,  0000.0000,  0000.1000,  0000.0000,  0000.0000,  0010.1000, ]

UPDATE
[ 0000.0063, ]
[ 0000.4050, ]
[-0000.1257, ]
[ 0000.0253, ]
[ 0001.6199, ]
[-0000.5029, ]
[ 0000.0253, ]
[ 0000.0160, ]
[-0000.0050, ]

[ 0010.6312,  0000.0000,  0000.0000,  0002.5248,  0000.0000,  0000.0000,  0000.0248,  0000.0000,  0000.0000, ]
[ 0000.0000,  0010.3307,  0000.0000,  0000.0000,  0001.3227,  0000.0000,  0000.0000,  0000.0131,  0000.0000, ]
[ 0000.0000,  0000.0000,  0010.3307,  0000.0000,  0000.0000,  0001.3227,  0000.0000,  0000.0000,  0000.0131, ]
[ 0002.5248,  0000.0000,  0000.0000,  0020.0991,  0000.0000,  0000.0000,  0000.0991,  0000.0000,  0000.0000, ]
[ 0000.0000,  0001.3227,  0000.0000,  0000.0000,  0015.2907,  0000.0000,  0000.0000,  0000.0524,  0000.0000, ]
[ 0000.0000,  0000.0000,  0001.3227,  0000.0000,  0000.0000,  0015.2907,  0000.0000,  0000.0000,  0000.0524, ]
[ 0000.0248,  0000.0000,  0000.0000,  0000.0991,  0000.0000,  0000.0000,  0010.0991,  0000.0000,  0000.0000, ]
[ 0000.0000,  0000.0131,  0000.0000,  0000.0000,  0000.0524,  0000.0000,  0000.0000,  0010.0995,  0000.0000, ]
[ 0000.0000,  0000.0000,  0000.0131,  0000.0000,  0000.0000,  0000.0524,  0000.0000,  0000.0000,  0010.0995, ]

PREDICT
[ 0000.0077, ]
[ 0000.8148, ]
[-0000.2558, ]
[ 0000.0278, ]
[ 0001.6215, ]
[-0000.5034, ]
[ 0000.0025, ]
[ 0000.0016, ]
[-0000.0005, ]

[ 0018.8606, -0000.1361, -0000.2861,  0005.2200, -0000.2314, -0000.7484,  0000.0253, -0000.0061, -0000.0198, ]
[-0000.1361,  0019.7158, -0000.3963, -0000.2267,  0003.8380, -0000.0390,  0000.0058,  0000.0272, -0000.0009, ]
[-0000.2861, -0000.3963,  0018.2492, -0000.7273, -0000.0550,  0003.7012,  0000.0185, -0000.0015,  0000.0236, ]
[ 0005.2200, -0000.2267, -0000.7273,  0030.2338, -0000.0000, -0000.0000,  0000.1176, -0000.0000,  0000.0000, ]
[-0000.2314,  0003.8380, -0000.0550, -0000.0000,  0025.4107,  0000.0000, -0000.0000,  0000.1104, -0000.0000, ]
[-0000.7484, -0000.0390,  0003.7012, -0000.0000,  0000.0000,  0025.4107, -0000.0000,  0000.0000,  0000.1104, ]
[ 0000.0253,  0000.0058,  0000.0185,  0000.1176, -0000.0000, -0000.0000,  0010.1010, -0000.0000,  0000.0000, ]
[-0000.0061,  0000.0272, -0000.0015, -0000.0000,  0000.1104,  0000.0000, -0000.0000,  0010.1010, -0000.0000, ]
[-0000.0198, -0000.0009,  0000.0236,  0000.0000, -0000.0000,  0000.1104,  0000.0000, -0000.0000,  0010.1010, ]

UPDATE
[ 0000.0142, ]
[ 0001.0747, ]
[-0000.3319, ]
[ 0000.0574, ]
[ 0002.6560, ]
[-0000.8246, ]
[ 0000.0280, ]
[ 0000.0090, ]
[-0000.0028, ]

[ 0018.8374, -0000.1037, -0000.1822,  0005.2197, -0000.0969, -0000.3135,  0000.0251, -0000.0051, -0000.0167, ]
[-0000.1037,  0019.1603, -0000.3829, -0000.2267,  0001.6079, -0000.0163,  0000.0058,  0000.0112, -0000.0008, ]
[-0000.1822, -0000.3829,  0017.7326, -0000.7275, -0000.0231,  0001.5506,  0000.0183, -0000.0013,  0000.0082, ]
[ 0005.2197, -0000.2267, -0000.7275,  0030.2326, -0000.0000, -0000.0000,  0000.1166, -0000.0000,  0000.0000, ]
[-0000.0969,  0001.6079, -0000.0231, -0000.0000,  0016.4562,  0000.0000, -0000.0000,  0000.0462, -0000.0000, ]
[-0000.3135, -0000.0163,  0001.5506, -0000.0000,  0000.0000,  0016.4562, -0000.0000,  0000.0000,  0000.0462, ]
[ 0000.0251,  0000.0058,  0000.0183,  0000.1166, -0000.0000, -0000.0000,  0010.1001, -0000.0000,  0000.0000, ]
[-0000.0051,  0000.0112, -0000.0013, -0000.0000,  0000.0462, -0000.0000, -0000.0000,  0010.1005, -0000.0000, ]
[-0000.0167, -0000.0008,  0000.0082,  0000.0000, -0000.0000,  0000.0462,  0000.0000, -0000.0000,  0010.1005, ]

PREDICT
[ 0000.0011, ]
[ 0000.4716, ]
[-0000.1534, ]
[ 0000.0602, ]
[ 0002.6569, ]
[-0000.8249, ]
[ 0000.0028, ]
[ 0000.0009, ]
[-0000.0003, ]

[ 0055.6632, -0000.8216,  0000.6504,  0004.7621, -0001.6518, -0005.3665,  0000.0017, -0000.0178, -0000.0587, ]
[-0000.8216,  0013.7381,  0011.8651, -0000.0340,  0003.9785, -0000.5285,  0000.0180,  0000.0248, -0000.0074, ]
[ 0000.6504,  0011.8651,  0047.7888, -0000.5085, -0000.5596,  0002.3475,  0000.0572, -0000.0089,  0000.0010, ]
[ 0004.7621, -0000.0340, -0000.5085,  0040.3712,  0000.0330,  0000.1103,  0000.1192,  0000.0001,  0000.0003, ]
[-0001.6518,  0003.9785, -0000.5596,  0000.0330,  0026.5737, -0000.0010, -0000.0000,  0000.1092, -0000.0000, ]
[-0005.3665, -0000.5285,  0002.3475,  0000.1103, -0000.0010,  0026.5737, -0000.0001,  0000.0000,  0000.1092, ]
[ 0000.0017,  0000.0180,  0000.0572,  0000.1192, -0000.0000, -0000.0001,  0010.1010,  0000.0000,  0000.0000, ]
[-0000.0178,  0000.0248, -0000.0089,  0000.0001,  0000.1092,  0000.0000,  0000.0000,  0010.1010, -0000.0000, ]
[-0000.0587, -0000.0074,  0000.0010,  0000.0003, -0000.0000,  0000.1092,  0000.0000, -0000.0000,  0010.1010, ]

UPDATE
[ 0000.0019, ]
[ 0000.5876, ]
[-0000.1736, ]
[ 0000.0903, ]
[ 0003.1029, ]
[-0000.9634, ]
[ 0000.0283, ]
[ 0000.0038, ]
[-0000.0012, ]

[ 0054.5243, -0000.6866,  0001.0721,  0004.7854, -0000.6629, -0002.1539,  0000.0017, -0000.0113, -0000.0375, ]
[-0000.6867,  0013.1563,  0011.9902, -0000.0369,  0001.5968, -0000.2121,  0000.0179,  0000.0091, -0000.0053, ]
[ 0001.0721,  0011.9902,  0047.5782, -0000.5178, -0000.2246,  0000.9421,  0000.0567, -0000.0066, -0000.0083, ]
[ 0004.7854, -0000.0369, -0000.5178,  0040.3694,  0000.0133,  0000.0442,  0000.1181, -0000.0000, -0000.0001, ]
[-0000.6630,  0001.5967, -0000.2245,  0000.0133,  0016.6517, -0000.0002, -0000.0000,  0000.0438,  0000.0000, ]
[-0002.1538, -0000.2121,  0000.9422,  0000.0442, -0000.0005,  0016.6517, -0000.0001, -0000.0000,  0000.0438, ]
[ 0000.0017,  0000.0179,  0000.0567,  0000.1181, -0000.0000, -0000.0001,  0010.1001,  0000.0000,  0000.0000, ]
[-0000.0113,  0000.0091, -0000.0066, -0000.0000,  0000.0438,  0000.0000,  0000.0000,  0010.1006, -0000.0000, ]
[-0000.0375, -0000.0053, -0000.0083, -0000.0001, -0000.0000,  0000.0438,  0000.0000, -0000.0000,  0010.1006, ]

PREDICT
[ 0000.0191, ]
[ 0000.2884, ]
[-0000.1096, ]
[ 0000.0931, ]
[ 0003.1033, ]
[-0000.9635, ]
[ 0000.0028, ]
[ 0000.0004, ]
[-0000.0001, ]

[ 0195.8970, -0003.6108,  0004.3427,  0008.6879, -0002.9899, -0003.7354,  0000.0337, -0000.0123, -0000.0364, ]
[-0003.6108,  0029.0902,  0032.8761, -0000.7361,  0004.5239,  0001.3292,  0000.0105,  0000.0271, -0000.0001, ]
[ 0004.3427,  0032.8761,  0162.7478, -0002.3664,  0001.1817,  0008.6792,  0000.0370, -0000.0007,  0000.0260, ]
[ 0008.6879, -0000.7361, -0002.3664,  0050.5080,  0000.0394,  0000.2081,  0000.1188,  0000.0000,  0000.0002, ]
[-0002.9899,  0004.5239,  0001.1817,  0000.0394,  0026.7684,  0000.0563, -0000.0000,  0000.1087,  0000.0000, ]
[-0003.7354,  0001.3292,  0008.6792,  0000.2081,  0000.0563,  0026.7682, -0000.0001,  0000.0000,  0000.1087, ]
[ 0000.0337,  0000.0105,  0000.0370,  0000.1188, -0000.0000, -0000.0001,  0010.1010,  0000.0000,  0000.0000, ]
[-0000.0123,  0000.0271, -0000.0007,  0000.0000,  0000.1087,  0000.0000,  0000.0000,  0010.1010, -0000.0000, ]
[-0000.0364, -0000.0001,  0000.0260,  0000.0002,  0000.0000,  0000.1087,  0000.0000, -0000.0000,  0010.1010, ]

UPDATE
[ 0000.0080, ]
[ 0000.3351, ]
[-0000.1166, ]
[ 0000.1228, ]
[ 0003.2828, ]
[-0001.0190, ]
[ 0000.0283, ]
[ 0000.0015, ]
[-0000.0005, ]

[ 0195.0782, -0002.9502,  0005.6297,  0008.7196, -0001.1930, -0001.4863,  0000.0334, -0000.0007, -0000.0219, ]
[-0002.9493,  0028.2940,  0032.2736, -0000.7525,  0001.8034,  0000.5261,  0000.0104,  0000.0094, -0000.0053, ]
[ 0005.6282,  0032.2762,  0159.9978, -0002.4332,  0000.4741,  0003.4581,  0000.0367, -0000.0051, -0000.0079, ]
[ 0008.7196, -0000.7524, -0002.4332,  0050.5051,  0000.0158,  0000.0829,  0000.1177, -0000.0001, -0000.0006, ]
[-0001.1886,  0001.8019,  0000.4640,  0000.0155,  0016.6829,  0000.0089, -0000.0000,  0000.0433, -0000.0001, ]
[-0001.4898,  0000.5314,  0003.4595,  0000.0829,  0000.0286,  0016.6829, -0000.0001,  0000.0000,  0000.0433, ]
[ 0000.0334,  0000.0104,  0000.0367,  0000.1177, -0000.0000, -0000.0001,  0010.1001,  0000.0000,  0000.0000, ]
[-0000.0007,  0000.0094, -0000.0052, -0000.0001,  0000.0433, -0000.0001,  0000.0000,  0010.1006,  0000.0000, ]
[-0000.0219, -0000.0052, -0000.0079, -0000.0006,  0000.0000,  0000.0433,  0000.0000,  0000.0000,  0010.1006, ]

PREDICT
[ 0000.0054, ]
[ 0000.1543, ]
[-0000.0626, ]
[ 0000.1256, ]
[ 0003.2829, ]
[-0001.0191, ]
[ 0000.0028, ]
[ 0000.0002, ]
[-0000.0000, ]

[ 0660.0416,  0017.6361, -0025.8362,  0007.5737, -0000.5091,  0005.4294,  0000.0355, -0000.0077, -0000.0204, ]
[ 0017.6361,  0867.4235, -0185.0270, -0003.9384,  0004.9864,  0001.1860,  0000.0046,  0000.0269,  0000.0007, ]
[-0025.8362, -0185.0270,  0715.5856, -0014.2545,  0002.8184,  0008.2912,  0000.0127, -0000.0012,  0000.0284, ]
[ 0007.5737, -0003.9384, -0014.2545,  0060.6414,  0000.0634,  0000.2024,  0000.1180, -0000.0000, -0000.0000, ]
[-0000.5091,  0004.9864,  0002.8184,  0000.0634,  0026.7993,  0000.0524, -0000.0000,  0000.1087,  0000.0000, ]
[ 0005.4294,  0001.1860,  0008.2912,  0000.2024,  0000.0524,  0026.7994, -0000.0001, -0000.0000,  0000.1087, ]
[ 0000.0355,  0000.0046,  0000.0127,  0000.1180, -0000.0000, -0000.0001,  0010.1010,  0000.0000,  0000.0000, ]
[-0000.0077,  0000.0269, -0000.0012, -0000.0000,  0000.1087, -0000.0000,  0000.0000,  0010.1010,  0000.0000, ]
[-0000.0204,  0000.0007,  0000.0284, -0000.0000,  0000.0000,  0000.1087,  0000.0000,  0000.0000,  0010.1010, ]

UPDATE
[ 0000.0049, ]
[ 0000.1751, ]
[-0000.0584, ]
[ 0000.1554, ]
[ 0003.3545, ]
[-0001.0413, ]
[ 0000.0283, ]
[ 0000.0006, ]
[-0000.0002, ]

[ 0658.9754,  0017.4999, -0027.3960,  0007.5352, -0000.2008,  0002.1619,  0000.0352, -0000.0057, -0000.0415, ]
[ 0017.4981,  0866.4834, -0185.8796, -0003.9583,  0001.9855,  0000.4684,  0000.0046,  0000.0075, -0000.0038, ]
[-0027.3972, -0185.8772,  0712.8427, -0014.3211,  0001.1248,  0003.2986,  0000.0127, -0000.0120, -0000.0039, ]
[ 0007.5351, -0003.9583, -0014.3211,  0060.6386,  0000.0253,  0000.0805,  0000.1170, -0000.0002, -0000.0008, ]
[-0000.2068,  0001.9842,  0001.1158,  0000.0251,  0016.6878,  0000.0083, -0000.0000,  0000.0433, -0000.0001, ]
[ 0002.1613,  0000.4738,  0003.3017,  0000.0806,  0000.0266,  0016.6879, -0000.0000,  0000.0000,  0000.0433, ]
[ 0000.0352,  0000.0046,  0000.0127,  0000.1170, -0000.0000, -0000.0000,  0010.1001,  0000.0000,  0000.0000, ]
[-0000.0057,  0000.0075, -0000.0121, -0000.0003,  0000.0433, -0000.0001,  0000.0000,  0010.1006,  0000.0000, ]
[-0000.0415, -0000.0038, -0000.0039, -0000.0008,  0000.0000,  0000.0433,  0000.0000,  0000.0000,  0010.1006, ]

PREDICT
[ 0000.0077, ]
[ 0000.1056, ]
[-0000.0423, ]
[ 0000.1582, ]
[ 0003.3546, ]
[-0001.0413, ]
[ 0000.0028, ]
[ 0000.0001, ]
[-0000.0000, ]

[ 1933.6884, -0236.8671,  0230.0198, -0018.0043,  0002.9639,  0005.6600,  0000.0302, -0000.0049, -0000.0110, ]
[-0236.8671,  15703.6112,  0032.3365, -0002.8170,  0004.2799, -0001.3915,  0000.0011,  0000.0275,  0000.0024, ]
[ 0230.0198,  0032.3365,  3362.4481, -0015.1086,  0000.7782,  0000.5912,  0000.0030,  0000.0004,  0000.0340, ]
[-0018.0043, -0002.8170, -0015.1086,  0070.7732,  0000.0624,  0000.1516,  0000.1175, -0000.0000, -0000.0001, ]
[ 0002.9639,  0004.2799,  0000.7782,  0000.0624,  0026.8043,  0000.0449, -0000.0000,  0000.1087,  0000.0000, ]
[ 0005.6600, -0001.3915,  0000.5912,  0000.1516,  0000.0449,  0026.8044, -0000.0000, -0000.0000,  0000.1087, ]
[ 0000.0302,  0000.0011,  0000.0030,  0000.1175, -0000.0000, -0000.0000,  0010.1010,  0000.0000,  0000.0000, ]
[-0000.0049,  0000.0275,  0000.0004, -0000.0000,  0000.1087, -0000.0000,  0000.0000,  0010.1010,  0000.0000, ]
[-0000.0110,  0000.0024,  0000.0340, -0000.0001,  0000.0000,  0000.1087,  0000.0000,  0000.0000,  0010.1010, ]

UPDATE
[ 0000.0173, ]
[ 0000.1139, ]
[-0000.0405, ]
[ 0000.1879, ]
[ 0003.3830, ]
[-0001.0502, ]
[ 0000.0283, ]
[ 0000.0002, ]
[-0000.0001, ]

[ 1932.2289, -0237.0369,  0229.8179, -0018.0419,  0001.1814,  0002.2510,  0000.0299, -0000.0164, -0000.0330, ]
[-0237.0385,  15702.8846,  0032.2467, -0002.8190,  0001.7031, -0000.5566,  0000.0011,  0000.0108,  0000.0078, ]
[ 0229.8178,  0032.2469,  3362.4140, -0015.1135,  0000.3099,  0000.2348,  0000.0030, -0000.0026,  0000.0317, ]
[-0018.0419, -0002.8189, -0015.1135,  0070.7710,  0000.0249,  0000.0603,  0000.1164, -0000.0003, -0000.0007, ]
[ 0001.1761,  0001.7044,  0000.3094,  0000.0248,  0016.6886,  0000.0071, -0000.0000,  0000.0433, -0000.0001, ]
[ 0002.2537, -0000.5526,  0000.2355,  0000.0603,  0000.0228,  0016.6886, -0000.0000,  0000.0000,  0000.0433, ]
[ 0000.0299,  0000.0011,  0000.0030,  0000.1164, -0000.0000, -0000.0000,  0010.1001,  0000.0000,  0000.0000, ]
[-0000.0164,  0000.0108, -0000.0026, -0000.0003,  0000.0433, -0000.0001,  0000.0000,  0010.1006,  0000.0000, ]
[-0000.0330,  0000.0078,  0000.0317, -0000.0007,  0000.0000,  0000.0433,  0000.0000,  0000.0000,  0010.1006, ]

PREDICT
[ 0000.0056, ]
[ 0000.0399, ]
[-0000.0184, ]
[ 0000.1907, ]
[ 0003.3831, ]
[-0001.0502, ]
[ 0000.0028, ]
[ 0000.0000, ]
[-0000.0000, ]

[ 71683.9731,  33966.1918, -167943.3192, -0016.9655,  0001.3715, -0000.5751,  0000.0291, -0000.0022, -0000.0001, ]
[ 33966.1918,  318827.4128, -31053.3225,  0014.6137,  0003.5396, -0001.2175,  0000.0010,  0000.0281,  0000.0024, ]
[-167943.3192, -31053.3225,  533553.3015,  0040.5570, -0001.9936, -0000.1223,  0000.0022,  0000.0021,  0000.0327, ]
[-0016.9655,  0014.6137,  0040.5570,  0080.9044,  0000.0427,  0000.0997,  0000.1171, -0000.0000, -0000.0001, ]
[ 0001.3715,  0003.5396, -0001.9936,  0000.0427,  0026.8051,  0000.0442, -0000.0000,  0000.1087,  0000.0000, ]
[-0000.5751, -0001.2175, -0000.1223,  0000.0997,  0000.0442,  0026.8051, -0000.0000, -0000.0000,  0000.1087, ]
[ 0000.0291,  0000.0010,  0000.0022,  0000.1171, -0000.0000, -0000.0000,  0010.1010,  0000.0000,  0000.0000, ]
[-0000.0022,  0000.0281,  0000.0021, -0000.0000,  0000.1087, -0000.0000,  0000.0000,  0010.1010,  0000.0000, ]
[-0000.0001,  0000.0024,  0000.0327, -0000.0001,  0000.0000,  0000.1087,  0000.0000,  0000.0000,  0010.1010, ]

UPDATE
[ 0000.0140, ]
[ 0000.0429, ]
[-0000.0192, ]
[ 0000.2203, ]
[ 0003.3944, ]
[-0001.0538, ]
[ 0000.0283, ]
[ 0000.0001, ]
[-0000.0000, ]

[ 71683.8937,  33965.9925, -167943.2236, -0016.9659,  0000.5457, -0000.2297,  0000.0289, -0000.0075,  0000.0021, ]
[ 33965.9925,  318826.9102, -31053.0748,  0014.6127,  0001.4085, -0000.4868,  0000.0010,  0000.0143,  0000.0071, ]
[-167943.2237, -31053.0750,  533553.1587,  0040.5604, -0000.7935, -0000.0474,  0000.0021,  0000.0098,  0000.0331, ]
[-0016.9659,  0014.6127,  0040.5604,  0080.9028,  0000.0170,  0000.0397,  0000.1160, -0000.0002, -0000.0005, ]
[ 0000.5462,  0001.4096, -0000.7934,  0000.0169,  0016.6887,  0000.0070, -0000.0000,  0000.0433, -0000.0001, ]
[-0000.2285, -0000.4836, -0000.0492,  0000.0397,  0000.0224,  0016.6887, -0000.0000,  0000.0000,  0000.0433, ]
[ 0000.0289,  0000.0010,  0000.0021,  0000.1160, -0000.0000, -0000.0000,  0010.1001,  0000.0000,  0000.0000, ]
[-0000.0075,  0000.0143,  0000.0098, -0000.0002,  0000.0433, -0000.0001,  0000.0000,  0010.1006,  0000.0000, ]
[ 0000.0022,  0000.0071,  0000.0331, -0000.0005,  0000.0000,  0000.0433,  0000.0000,  0000.0000,  0010.1006, ]

PREDICT
[-0000.0018, ]
[ 0000.0342, ]
[-0000.0136, ]
[ 0000.2231, ]
[ 0003.3944, ]
[-0001.0538, ]
[ 0000.0028, ]
[ 0000.0000, ]
[-0000.0000, ]

[ 123275662.9252, -667658904.8316,  86307588.6293,  0079.7844, -0000.4723, -0000.8551,  0000.0327,  0000.0004,  0000.0041, ]
[-667658904.8316,  10457999428.4874, -1159866480.1713,  0003.6167,  0004.1118, -0000.1850,  0000.0062,  0000.0264,  0000.0038, ]
[ 86307588.6293, -1159866480.1713,  996325313.0175,  0012.6424, -0000.2830,  0003.0430,  0000.0206, -0000.0034,  0000.0379, ]
[ 0079.7844,  0003.6167,  0012.6424,  0091.0353,  0000.0247,  0000.0577,  0000.1167, -0000.0000, -0000.0001, ]
[-0000.4723,  0004.1118, -0000.2830,  0000.0247,  0026.8052,  0000.0449, -0000.0000,  0000.1087,  0000.0000, ]
[-0000.8551, -0000.1850,  0003.0430,  0000.0577,  0000.0449,  0026.8052, -0000.0000, -0000.0000,  0000.1087, ]
[ 0000.0327,  0000.0062,  0000.0206,  0000.1167, -0000.0000, -0000.0000,  0010.1010,  0000.0000,  0000.0000, ]
[ 0000.0004,  0000.0264, -0000.0034, -0000.0000,  0000.1087, -0000.0000,  0000.0000,  0010.1010,  0000.0000, ]
[ 0000.0041,  0000.0038,  0000.0379, -0000.0001,  0000.0000,  0000.1087,  0000.0000,  0000.0000,  0010.1010, ]

UPDATE
[ 0000.0064, ]
[ 0000.0369, ]
[-0000.0088, ]
[ 0000.2525, ]
[ 0003.3989, ]
[-0001.0552, ]
[ 0000.0283, ]
[ 0000.0000, ]
[-0000.0000, ]

[ 123275662.8910, -667658904.7681,  86307588.7176,  0079.7862, -0000.1882, -0000.3400,  0000.0324,  0000.0023,  0000.0074, ]
[-667658904.7679,  10457999427.8804, -1159866480.1087,  0003.6134,  0001.6365, -0000.0763,  0000.0062,  0000.0104,  0000.0045, ]
[ 86307588.7175, -1159866480.1080,  996325312.6828,  0012.6361, -0000.1117,  0001.2114,  0000.0204, -0000.0022,  0000.0261, ]
[ 0079.7862,  0003.6134,  0012.6361,  0091.0340,  0000.0098,  0000.0229,  0000.1156, -0000.0001, -0000.0003, ]
[-0000.1874,  0001.6367, -0000.1146,  0000.0098,  0016.6887,  0000.0071, -0000.0000,  0000.0433, -0000.0001, ]
[-0000.3405, -0000.0724,  0001.2111,  0000.0230,  0000.0228,  0016.6888, -0000.0000,  0000.0000,  0000.0433, ]
[ 0000.0324,  0000.0062,  0000.0204,  0000.1156, -0000.0000, -0000.0000,  0010.1001,  0000.0000,  0000.0000, ]
[ 0000.0023,  0000.0104, -0000.0023, -0000.0001,  0000.0433, -0000.0001,  0000.0000,  0010.1006,  0000.0000, ]
[ 0000.0074,  0000.0045,  0000.0261, -0000.0003,  0000.0000,  0000.0433,  0000.0000,  0000.0000,  0010.1006, ]

PREDICT
[ 0000.0146, ]
[ 0000.0319, ]
[-0000.0118, ]
[ 0000.2553, ]
[ 0003.3989, ]
[-0001.0552, ]
[ 0000.0028, ]
[ 0000.0000, ]
[-0000.0000, ]

[ 712699236641426176.0000,  476197294027985536.0000, -331094026839607616.0000, -2826.0761,  0001.8444,  0013.9560, -0000.0856, -0000.0119, -0000.0258, ]
[ 476197294027985536.0000,  336198883372069312.0000, -213737977808093344.0000, -1167.6587,  0003.6732,  0004.8099, -0000.0483,  0000.0219, -0000.0120, ]
[-331094026839607616.0000, -213737977808093344.0000,  156933443680149376.0000,  0558.2916,  0001.2995,  0001.1578,  0000.0248,  0000.0030,  0000.0318, ]
[-2826.0761, -1167.6587,  0558.2916,  0101.1660,  0000.0140,  0000.0328,  0000.1164, -0000.0000, -0000.0000, ]
[ 0001.8444,  0003.6732,  0001.2995,  0000.0140,  0026.8053,  0000.0455, -0000.0000,  0000.1087,  0000.0000, ]
[ 0013.9560,  0004.8099,  0001.1578,  0000.0328,  0000.0455,  0026.8053, -0000.0000, -0000.0000,  0000.1087, ]
[-0000.0856, -0000.0483,  0000.0248,  0000.1164, -0000.0000, -0000.0000,  0010.1010,  0000.0000,  0000.0000, ]
[-0000.0119,  0000.0219,  0000.0030, -0000.0000,  0000.1087, -0000.0000,  0000.0000,  0010.1010,  0000.0000, ]
[-0000.0258, -0000.0120,  0000.0318, -0000.0000,  0000.0000,  0000.1087,  0000.0000,  0000.0000,  0010.1010, ]

UPDATE
[-0000.0072, ]
[ 0000.0200, ]
[-0000.0055, ]
[ 0000.2847, ]
[ 0003.4007, ]
[-0001.0558, ]
[ 0000.0283, ]
[ 0000.0000, ]
[-0000.0000, ]

[ 712699236641426176.0000,  476197294027985536.0000, -331094026839607616.0000, -2826.0925,  0000.7382,  0005.5535, -0000.0848, -0000.0189, -0000.0801, ]
[ 476197294027985536.0000,  336198883372069312.0000, -213737977808093344.0000, -1167.6656,  0001.4634,  0001.9121, -0000.0478,  0000.0076, -0000.0307, ]
[-331094026839607616.0000, -213737977808093344.0000,  156933443680149376.0000,  0558.2893,  0000.5176,  0000.4600,  0000.0246, -0000.0021,  0000.0273, ]
[-2826.0925, -1167.6656,  0558.2893,  0101.1647,  0000.0056,  0000.0130,  0000.1154, -0000.0001, -0000.0002, ]
[ 0000.7250,  0001.4589,  0000.5165,  0000.0055,  0016.6887,  0000.0072, -0000.0000,  0000.0433, -0000.0001, ]
[ 0005.5552,  0001.9155,  0000.4612,  0000.0130,  0000.0231,  0016.6888, -0000.0000,  0000.0000,  0000.0433, ]
[-0000.0848, -0000.0478,  0000.0246,  0000.1154, -0000.0000, -0000.0000,  0010.1001,  0000.0000,  0000.0000, ]
[-0000.0189,  0000.0076, -0000.0021, -0000.0001,  0000.0433, -0000.0001,  0000.0000,  0010.1006,  0000.0000, ]
[-0000.0801, -0000.0307,  0000.0273, -0000.0002,  0000.0000,  0000.0433,  0000.0000,  0000.0000,  0010.1006, ]

PREDICT
[-0000.0024, ]
[ 0000.0360, ]
[-0000.0100, ]
[ 0000.2875, ]
[ 0003.4007, ]
[-0001.0558, ]
[ 0000.0028, ]
[ 0000.0000, ]
[-0000.0000, ]

[ 6401058438061114441283842735079424.0000, -9223415777385410682782773382479872.0000,  964314079866993305976108834881536.0000, -2654722.4444, -43891.8621, -26594.7677, -0126.8879, -0000.4918, -0060.3452, ]
[-9223415777385411835704277989326848.0000,  15152185222430502924327095292133376.0000, -2116000066551579134660821462810624.0000, -18281748.3899,  103053.7246,  142074.6103,  0226.5324, -0042.6411,  0083.7754, ]
[ 964314079866993161860920759025664.0000, -2116000066551579134660821462810624.0000,  444800527582610429630082243887104.0000, -811776.8382, -17788.1013, -11636.6473, -0050.6617,  0000.2855, -0023.8013, ]
[-2654722.4445, -18281748.3899, -811776.8382,  0111.2962,  0000.0078,  0000.0183,  0000.1162, -0000.0000, -0000.0000, ]
[-43891.8621,  103053.7246, -17788.1013,  0000.0078,  0026.8053,  0000.0463, -0000.0000,  0000.1087,  0000.0000, ]
[-26594.7677,  142074.6103, -11636.6473,  0000.0183,  0000.0463,  0026.8053, -0000.0000, -0000.0000,  0000.1087, ]
[-0126.8879,  0226.5324, -0050.6617,  0000.1162, -0000.0000, -0000.0000,  0010.1010,  0000.0000,  0000.0000, ]
[-0000.4918, -0042.6411,  0000.2855, -0000.0000,  0000.1087, -0000.0000,  0000.0000,  0010.1010,  0000.0000, ]
[-0060.3452,  0083.7754, -0023.8013, -0000.0000,  0000.0000,  0000.1087,  0000.0000,  0000.0000,  0010.1010, ]

UPDATE
[-0033.5110, ]
[ 0059.6239, ]
[-0013.3861, ]
[ 0000.3169, ]
[ 0003.4014, ]
[-0001.0560, ]
[ 0000.0283, ]
[ 0000.0000, ]
[-0000.0000, ]

[ 6401058438061114441283842735079424.0000, -9223415777385410682782773382479872.0000,  964314079866993305976108834881536.0000, -2654691.5063, -17477.5911, -10556.2469, -0125.7470,  0170.0561,  0042.9438, ]
[-9223415777385411835704277989326848.0000,  15152185222430502924327095292133376.0000, -2116000066551579134660821462810624.0000, -18281872.4884,  41059.7125,  56480.2717,  0224.5006, -0442.0086, -0468.8034, ]
[ 964314079866993161860920759025664.0000, -2116000066551579134660821462810624.0000,  444800527582610429630082243887104.0000, -811763.7450, -7083.4213, -4619.8626, -0050.2062,  0069.3922,  0021.4017, ]
[-2654691.5406, -18281872.4438, -811763.7585,  0111.2950,  0000.0031,  0000.0073,  0000.1151, -0000.0000, -0000.0001, ]
[-17452.1307,  40923.3503, -7072.2773,  0000.0031,  0016.6887,  0000.0073, -0000.0000,  0000.0433, -0000.0001, ]
[-10598.3879,  56579.0037, -4636.9389,  0000.0073,  0000.0235,  0016.6888, -0000.0000,  0000.0000,  0000.0433, ]
[-0125.7470,  0224.5005, -0050.2062,  0000.1151, -0000.0000, -0000.0000,  0010.1001,  0000.0000,  0000.0000, ]
[ 0170.2215, -0442.8925,  0069.4646, -0000.0000,  0000.0433, -0000.0001,  0000.0000,  0010.1006,  0000.0000, ]
[ 0042.6708, -0468.1625,  0021.2910, -0000.0001,  0000.0000,  0000.0433,  0000.0000,  0000.0000,  0010.1006, ]

