Random omega: [0.401953, 0.619353, -0.822409]
INITIAL
[ 0000.0000, ]
[ 0000.0000, ]
[ 0000.0000, ]
[ 0000.0000, ]
[ 0000.0000, ]
[ 0000.0000, ]
[ 0000.0000, ]
[ 0000.0000, ]
[ 0000.0000, ]

[ 0010.0000,  0000.0000,  0000.0000,  0000.0000,  0000.0000,  0000.0000,  0000.0000,  0000.0000,  0000.0000, ]
[ 0000.0000,  0010.0000,  0000.0000,  0000.0000,  0000.0000,  0000.0000,  0000.0000,  0000.0000,  0000.0000, ]
[ 0000.0000,  0000.0000,  0010.0000,  0000.0000,  0000.0000,  0000.0000,  0000.0000,  0000.0000,  0000.0000, ]
[ 0000.0000,  0000.0000,  0000.0000,  0010.0000,  0000.0000,  0000.0000,  0000.0000,  0000.0000,  0000.0000, ]
[ 0000.0000,  0000.0000,  0000.0000,  0000.0000,  0010.0000,  0000.0000,  0000.0000,  0000.0000,  0000.0000, ]
[ 0000.0000,  0000.0000,  0000.0000,  0000.0000,  0000.0000,  0010.0000,  0000.0000,  0000.0000,  0000.0000, ]
[ 0000.0000,  0000.0000,  0000.0000,  0000.0000,  0000.0000,  0000.0000,  0010.0000,  0000.0000,  0000.0000, ]
[ 0000.0000,  0000.0000,  0000.0000,  0000.0000,  0000.0000,  0000.0000,  0000.0000,  0010.0000,  0000.0000, ]
[ 0000.0000,  0000.0000,  0000.0000,  0000.0000,  0000.0000,  0000.0000,  0000.0000,  0000.0000,  0010.0000, ]

Time Elapsed: 0.100000s
PREDICT
[ 0000.4774, ]
[ 0000.0764, ]
[ 0000.0558, ]
[ 0000.0000, ]
[ 0000.0000, ]
[ 0000.0000, ]
[ 0000.0000, ]
[ 0000.0000, ]
[ 0000.0000, ]

[ 0011.9859, -0000.3293,  0000.1038,  0001.4918, -0000.0400,  0000.2110,  0000.1219, -0000.0039,  0000.0206, ]
[-0000.3293,  0011.3329, -0000.0105, -0001.3701,  0000.7938, -0000.9696,  0000.0185,  0000.0775, -0000.0946, ]
[ 0000.1038, -0000.0105,  0011.2465,  0000.8708,  0000.9871,  0000.7882, -0000.0099,  0000.0964,  0000.0769, ]
[ 0001.4918, -0001.3701,  0000.8708,  0020.1000,  0000.0000,  0000.0000,  0001.0000,  0000.0000,  0000.0000, ]
[-0000.0400,  0000.7938,  0000.9871,  0000.0000,  0020.1000,  0000.0000,  0000.0000,  0001.0000,  0000.0000, ]
[ 0000.2110, -0000.9696,  0000.7882,  0000.0000,  0000.0000,  0020.1000,  0000.0000,  0000.0000,  0001.0000, ]
[ 0000.1219,  0000.0185, -0000.0099,  0001.0000,  0000.0000,  0000.0000,  0020.0000,  0000.0000,  0000.0000, ]
[-0000.0039,  0000.0775,  0000.0964,  0000.0000,  0001.0000,  0000.0000,  0000.0000,  0020.0000,  0000.0000, ]
[ 0000.0206, -0000.0946,  0000.0769,  0000.0000,  0000.0000,  0001.0000,  0000.0000,  0000.0000,  0020.0000, ]

UPDATE
[ 0000.4964, ]
[ 0000.1112, ]
[ 0000.0706, ]
[ 0000.1914, ]
[ 0000.2949, ]
[-0000.3916, ]
[ 0000.0190, ]
[ 0000.0292, ]
[-0000.0388, ]

[ 0011.8788, -0000.2218,  0000.0366,  0000.7815, -0000.0209,  0000.1105,  0000.0516, -0000.0020,  0000.0107, ]
[-0000.2218,  0011.1704,  0000.0449, -0000.7177,  0000.4158, -0000.5079,  0000.0831,  0000.0401, -0000.0489, ]
[ 0000.0366,  0000.0449,  0011.1355,  0000.4562,  0000.5171,  0000.4129, -0000.0510,  0000.0498,  0000.0398, ]
[ 0000.7815, -0000.7177,  0000.4562,  0015.2907,  0000.0000,  0000.0000,  0000.5238,  0000.0000,  0000.0000, ]
[-0000.0209,  0000.4158,  0000.5171,  0000.0000,  0015.2907,  0000.0000,  0000.0000,  0000.5238,  0000.0000, ]
[ 0000.1105, -0000.5079,  0000.4129,  0000.0000,  0000.0000,  0015.2907,  0000.0000,  0000.0000,  0000.5238, ]
[ 0000.0516,  0000.0831, -0000.0510,  0000.5238,  0000.0000,  0000.0000,  0019.9529,  0000.0000,  0000.0000, ]
[-0000.0020,  0000.0401,  0000.0498,  0000.0000,  0000.5238,  0000.0000,  0000.0000,  0019.9529,  0000.0000, ]
[ 0000.0107, -0000.0489,  0000.0398,  0000.0000,  0000.0000,  0000.5238,  0000.0000,  0000.0000,  0019.9529, ]

Time Elapsed: 0.200000s
PREDICT
[-0000.0696, ]
[-0000.0380, ]
[ 0000.0172, ]
[ 0000.1933, ]
[ 0000.2978, ]
[-0000.3955, ]
[ 0000.0190, ]
[ 0000.0292, ]
[-0000.0388, ]

[-0041.5180, -0021.3743, -0013.0137,  0003.0901,  0000.0091, -0000.2431,  0000.4241, -0000.0011, -0000.0374, ]
[-0021.3743,  0005.0720, -0006.9073, -0003.2293,  0001.8104,  0000.0608, -0000.1272,  0000.3396,  0000.0241, ]
[-0013.0137, -0006.9073,  0011.8734,  0003.2488,  0000.1233,  0001.7816,  0000.1873, -0000.0049,  0000.3356, ]
[ 0003.0901, -0003.2293,  0003.2488,  0025.7346,  0000.0064, -0000.0562,  0003.1240,  0000.0009, -0000.0081, ]
[ 0000.0091,  0001.8104,  0000.1233,  0000.0064,  0025.7317, -0000.0002, -0000.0010,  0003.1137, -0000.0000, ]
[-0000.2431,  0000.0608,  0001.7816, -0000.0562, -0000.0002,  0025.7317,  0000.0083, -0000.0000,  0003.1137, ]
[ 0000.4241, -0000.1272,  0000.1873,  0003.1240, -0000.0010,  0000.0083,  0029.9529, -0000.0001,  0000.0004, ]
[-0000.0011,  0000.3396, -0000.0049,  0000.0009,  0003.1137, -0000.0000, -0000.0001,  0029.9529, -0000.0000, ]
[-0000.0374,  0000.0241,  0000.3356, -0000.0081, -0000.0000,  0003.1137,  0000.0004, -0000.0000,  0029.9529, ]

UPDATE
[-0000.0417, ]
[-0000.0423, ]
[ 0000.0155, ]
[ 0000.3160, ]
[ 0000.4863, ]
[-0000.6459, ]
[ 0000.0430, ]
[ 0000.0665, ]
[-0000.0883, ]

[-0041.8758, -0021.0028, -0013.3718,  0001.2790,  0000.0035, -0000.0979,  0000.0647, -0000.0022, -0000.0091, ]
[-0021.0027,  0004.5612, -0006.5283, -0001.3365,  0000.7497,  0000.0224,  0000.2487,  0000.1296,  0000.0169, ]
[-0013.3723, -0006.5279,  0011.3601,  0001.3441,  0000.0507,  0000.7403, -0000.1921, -0000.0192,  0000.1292, ]
[ 0001.2787, -0001.3367,  0001.3462,  0016.5124,  0000.0011, -0000.0096,  0001.2930,  0000.0001, -0000.0006, ]
[ 0000.0039,  0000.7493,  0000.0512,  0000.0032,  0016.5119, -0000.0000, -0000.0003,  0001.2889, -0000.0000, ]
[-0000.1016,  0000.0262,  0000.7364, -0000.0282, -0000.0001,  0016.5119,  0000.0024, -0000.0000,  0001.2889, ]
[ 0000.0647,  0000.2487, -0000.1917,  0001.2930, -0000.0007,  0000.0061,  0029.5893,  0000.0000, -0000.0003, ]
[-0000.0021,  0000.1295, -0000.0191,  0000.0005,  0001.2889,  0000.0000,  0000.0001,  0029.5917,  0000.0000, ]
[-0000.0098,  0000.0176,  0000.1284, -0000.0043, -0000.0000,  0001.2889, -0000.0011, -0000.0000,  0029.5917, ]

Time Elapsed: 0.300000s
