INITIAL
[ 0000.0000, ]
[ 0000.0000, ]
[ 0000.0000, ]
[ 0000.0000, ]
[ 0000.0000, ]
[ 0000.0000, ]

[ 0010.0000,  0000.0000,  0000.0000,  0000.0000,  0000.0000,  0000.0000, ]
[ 0000.0000,  0010.0000,  0000.0000,  0000.0000,  0000.0000,  0000.0000, ]
[ 0000.0000,  0000.0000,  0010.0000,  0000.0000,  0000.0000,  0000.0000, ]
[ 0000.0000,  0000.0000,  0000.0000,  0010.0000,  0000.0000,  0000.0000, ]
[ 0000.0000,  0000.0000,  0000.0000,  0000.0000,  0010.0000,  0000.0000, ]
[ 0000.0000,  0000.0000,  0000.0000,  0000.0000,  0000.0000,  0010.0000, ]

Time Elapsed: 0.100000s
PREDICT
[ 0000.0502, ]
[ 0000.3665, ]
[ 0000.0000, ]
[ 0000.0000, ]
[ 0000.0000, ]
[ 0000.0000, ]

[ 0010.0173,  0000.0664, -0000.0001,  0000.2134,  0000.0092,  0000.1833, ]
[ 0000.0664,  0010.4905, -0000.0003, -0000.0296,  0000.2830, -0000.0251, ]
[-0000.0001, -0000.0003,  0010.0081, -0000.1847,  0000.0251,  0000.2158, ]
[ 0000.2134, -0000.0296, -0000.1847,  0020.0000,  0000.0000,  0000.0000, ]
[ 0000.0092,  0000.2830,  0000.0251,  0000.0000,  0020.0000,  0000.0000, ]
[ 0000.1833, -0000.0251,  0000.2158,  0000.0000,  0000.0000,  0020.0000, ]

UPDATE
[ 0000.0603, ]
[ 0000.3651, ]
[-0000.0088, ]
[ 0000.4737, ]
[ 0000.0000, ]
[ 0000.0000, ]

[ 0010.0135,  0000.0668, -0000.0001,  0000.1123,  0000.0048,  0000.0965, ]
[ 0000.0668,  0010.4867, -0000.0006, -0000.0156,  0000.1489, -0000.0132, ]
[-0000.0001, -0000.0006,  0010.0043, -0000.0972,  0000.0132,  0000.1136, ]
[ 0000.1123, -0000.0156, -0000.0972,  0015.2632,  0000.0000,  0000.0000, ]
[ 0000.0048,  0000.1489,  0000.0132,  0000.0000,  0015.2632,  0000.0000, ]
[ 0000.0965, -0000.0132,  0000.1136,  0000.0000,  0000.0000,  0015.2632, ]

Time Elapsed: 0.200000s
PREDICT
[-0000.0352, ]
[ 0000.0178, ]
[ 0000.2938, ]
[ 0000.4737, ]
[ 0000.0000, ]
[ 0000.0000, ]

[ 0010.0435,  0000.0109, -0000.0477,  0000.3591, -0000.2254,  0000.0029, ]
[ 0000.0109,  0010.0032, -0000.1163,  0000.2063,  0000.3474,  0000.0283, ]
[-0000.0477, -0000.1163,  0009.2571, -0000.0187, -0000.0245,  0000.4139, ]
[ 0000.3591,  0000.2063, -0000.0187,  0025.2632,  0000.0003, -0000.0000, ]
[-0000.2254,  0000.3474, -0000.0245,  0000.0003,  0025.2632, -0000.0000, ]
[ 0000.0029,  0000.0283,  0000.4139, -0000.0000, -0000.0000,  0025.2632, ]

UPDATE
[-0000.0280, ]
[ 0000.0219, ]
[ 0000.2935, ]
[ 0000.7783, ]
[ 0000.0000, ]
[ 0000.0000, ]

[ 0010.0366,  0000.0111, -0000.0477,  0000.1513, -0000.0949,  0000.0012, ]
[ 0000.0111,  0009.9970, -0000.1163,  0000.0869,  0000.1464,  0000.0119, ]
[-0000.0477, -0000.1163,  0009.2506, -0000.0079, -0000.0103,  0000.1744, ]
[ 0000.1513,  0000.0869, -0000.0079,  0016.4302,  0000.0001, -0000.0000, ]
[-0000.0949,  0000.1464, -0000.0103,  0000.0002,  0016.4302, -0000.0000, ]
[ 0000.0012,  0000.0119,  0000.1744, -0000.0000, -0000.0000,  0016.4302, ]

Time Elapsed: 0.300000s
PREDICT
[ 0000.0180, ]
[-0000.1542, ]
[ 0000.0134, ]
[ 0000.7783, ]
[ 0000.0000, ]
[ 0000.0000, ]

[ 0010.0110,  0000.0495, -0000.0028,  0000.4023, -0000.0097, -0000.1268, ]
[ 0000.0495,  0009.3932,  0000.0463,  0000.0140,  0000.4199, -0000.0150, ]
[-0000.0028,  0000.0463,  0010.0086,  0000.1239,  0000.0105,  0000.3983, ]
[ 0000.4023,  0000.0140,  0000.1239,  0026.4302,  0000.0005, -0000.0000, ]
[-0000.0097,  0000.4199,  0000.0105,  0000.0005,  0026.4302,  0000.0000, ]
[-0000.1268, -0000.0150,  0000.3983, -0000.0000,  0000.0000,  0026.4302, ]

UPDATE
[ 0000.0212, ]
[-0000.1541, ]
[ 0000.0144, ]
[ 0000.9105, ]
[ 0000.0000, ]
[-0000.0000, ]

[ 0010.0046,  0000.0494, -0000.0028,  0000.1623, -0000.0039, -0000.0512, ]
[ 0000.0494,  0009.3868,  0000.0463,  0000.0056,  0000.1694, -0000.0061, ]
[-0000.0028,  0000.0463,  0010.0023,  0000.0500,  0000.0042,  0000.1607, ]
[ 0000.1623,  0000.0056,  0000.0500,  0016.6285,  0000.0001, -0000.0000, ]
[-0000.0039,  0000.1694,  0000.0042,  0000.0002,  0016.6285,  0000.0000, ]
[-0000.0512, -0000.0061,  0000.1607, -0000.0000,  0000.0000,  0016.6285, ]

Time Elapsed: 0.400000s
PREDICT
[-0000.0288, ]
[-0000.0268, ]
[-0000.2652, ]
[ 0000.9105, ]
[ 0000.0000, ]
[-0000.0000, ]

[ 0010.0323, -0000.0034,  0000.0059,  0000.4006,  0000.2226, -0000.0108, ]
[-0000.0034,  0010.0077, -0000.0530, -0000.2008,  0000.3871,  0000.0298, ]
[ 0000.0059, -0000.0530,  0009.5055,  0000.0235, -0000.0217,  0000.4430, ]
[ 0000.4006, -0000.2008,  0000.0235,  0026.6285,  0000.0004,  0000.0000, ]
[ 0000.2226,  0000.3871, -0000.0217,  0000.0004,  0026.6285,  0000.0000, ]
[-0000.0108,  0000.0298,  0000.4430,  0000.0000,  0000.0000,  0026.6285, ]

UPDATE
[-0000.0275, ]
[-0000.0274, ]
[-0000.2651, ]
[ 0000.9642, ]
[ 0000.0000, ]
[ 0000.0000, ]

[ 0010.0247, -0000.0036,  0000.0059,  0000.1604,  0000.0891, -0000.0043, ]
[-0000.0036,  0010.0009, -0000.0530, -0000.0804,  0000.1550,  0000.0120, ]
[ 0000.0059, -0000.0530,  0009.4984,  0000.0094, -0000.0087,  0000.1774, ]
[ 0000.1604, -0000.0804,  0000.0094,  0016.6606,  0000.0001,  0000.0000, ]
[ 0000.0891,  0000.1550, -0000.0087,  0000.0002,  0016.6606,  0000.0000, ]
[-0000.0043,  0000.0120,  0000.1774,  0000.0000,  0000.0000,  0016.6606, ]

Time Elapsed: 0.500000s
PREDICT
[ 0000.0120, ]
[ 0000.1003, ]
[-0000.0117, ]
[ 0000.9642, ]
[ 0000.0000, ]
[ 0000.0000, ]

[ 0010.0181, -0000.0080, -0000.0003,  0000.4153,  0000.0088,  0000.0823, ]
[-0000.0080,  0009.4954,  0000.0486,  0000.0206,  0000.4204, -0000.0079, ]
[-0000.0003,  0000.0486,  0010.0078, -0000.0825,  0000.0095,  0000.4097, ]
[ 0000.4153,  0000.0206, -0000.0825,  0026.6606,  0000.0003,  0000.0000, ]
[ 0000.0088,  0000.4204,  0000.0095,  0000.0003,  0026.6606,  0000.0000, ]
[ 0000.0823, -0000.0079,  0000.4097,  0000.0000,  0000.0000,  0026.6606, ]

UPDATE
[ 0000.0125, ]
[ 0000.1003, ]
[-0000.0118, ]
[ 0000.9857, ]
[ 0000.0000, ]
[ 0000.0000, ]

[ 0010.0116, -0000.0084, -0000.0003,  0000.1662,  0000.0035,  0000.0329, ]
[-0000.0084,  0009.4890,  0000.0486,  0000.0082,  0000.1682, -0000.0031, ]
[-0000.0003,  0000.0486,  0010.0015, -0000.0330,  0000.0038,  0000.1639, ]
[ 0000.1662,  0000.0082, -0000.0330,  0016.6657,  0000.0000,  0000.0000, ]
[ 0000.0035,  0000.1682,  0000.0038,  0000.0001,  0016.6657,  0000.0000, ]
[ 0000.0329, -0000.0031,  0000.1639,  0000.0000,  0000.0000,  0016.6657, ]

Time Elapsed: 0.600000s
PREDICT
[-0000.0704, ]
[ 0000.0215, ]
[ 0000.2736, ]
[ 0000.9857, ]
[ 0000.0000, ]
[ 0000.0000, ]

[ 0010.0312,  0000.0275,  0000.0164,  0000.3756, -0000.2305, -0000.0053, ]
[ 0000.0275,  0010.0084, -0000.0890,  0000.2554,  0000.3836,  0000.0616, ]
[ 0000.0164, -0000.0890,  0009.7447, -0000.0314, -0000.0574,  0000.4450, ]
[ 0000.3756,  0000.2554, -0000.0314,  0026.6657,  0000.0001,  0000.0000, ]
[-0000.2305,  0000.3836, -0000.0574,  0000.0001,  0026.6657,  0000.0000, ]
[-0000.0053,  0000.0616,  0000.4450,  0000.0000,  0000.0000,  0026.6657, ]

UPDATE
[-0000.0702, ]
[ 0000.0217, ]
[ 0000.2736, ]
[ 0000.9943, ]
[ 0000.0000, ]
[ 0000.0000, ]

[ 0010.0243,  0000.0273,  0000.0164,  0000.1503, -0000.0922, -0000.0021, ]
[ 0000.0273,  0010.0006, -0000.0889,  0000.1022,  0000.1535,  0000.0246, ]
[ 0000.0164, -0000.0889,  0009.7375, -0000.0126, -0000.0230,  0000.1780, ]
[ 0000.1503,  0000.1022, -0000.0126,  0016.6665,  0000.0000,  0000.0000, ]
[-0000.0922,  0000.1535, -0000.0230,  0000.0000,  0016.6665,  0000.0000, ]
[-0000.0021,  0000.0246,  0000.1780,  0000.0000,  0000.0000,  0016.6665, ]

Time Elapsed: 0.700000s
PREDICT
[ 0000.0079, ]
[-0000.0593, ]
[ 0000.0068, ]
[ 0000.9943, ]
[ 0000.0000, ]
[ 0000.0000, ]

[ 0010.0225, -0000.0142,  0000.0024,  0000.4182, -0000.0042, -0000.0499, ]
[-0000.0142,  0009.6788,  0000.0307,  0000.0333,  0000.4173, -0000.0051, ]
[ 0000.0024,  0000.0307,  0010.0094,  0000.0421,  0000.0024,  0000.4117, ]
[ 0000.4182,  0000.0333,  0000.0421,  0026.6665, -0000.0001,  0000.0000, ]
[-0000.0042,  0000.4173,  0000.0024, -0000.0001,  0026.6665,  0000.0000, ]
[-0000.0499, -0000.0051,  0000.4117,  0000.0000,  0000.0000,  0026.6665, ]

UPDATE
[ 0000.0080, ]
[-0000.0593, ]
[ 0000.0068, ]
[ 0000.9977, ]
[ 0000.0000, ]
[ 0000.0000, ]

[ 0010.0161, -0000.0147,  0000.0025,  0000.1673, -0000.0017, -0000.0200, ]
[-0000.0147,  0009.6725,  0000.0307,  0000.0133,  0000.1669, -0000.0020, ]
[ 0000.0025,  0000.0307,  0010.0032,  0000.0168,  0000.0010,  0000.1647, ]
[ 0000.1673,  0000.0133,  0000.0168,  0016.6666, -0000.0000,  0000.0000, ]
[-0000.0017,  0000.1669,  0000.0010, -0000.0001,  0016.6666,  0000.0000, ]
[-0000.0200, -0000.0020,  0000.1647,  0000.0000,  0000.0000,  0016.6666, ]

Time Elapsed: 0.800000s
PREDICT
[-0000.1377, ]
[-0000.0415, ]
[-0000.2553, ]
[ 0000.9977, ]
[ 0000.0000, ]
[ 0000.0000, ]

[ 0010.1163, -0000.0060,  0000.0666,  0000.4177,  0000.2200,  0000.0002, ]
[-0000.0060,  0010.0067, -0000.0288, -0000.1846,  0000.3838,  0000.1239, ]
[ 0000.0666, -0000.0288,  0009.9629,  0000.0518, -0000.1103,  0000.4358, ]
[ 0000.4177, -0000.1846,  0000.0518,  0026.6666, -0000.0004,  0000.0001, ]
[ 0000.2200,  0000.3838, -0000.1103, -0000.0004,  0026.6666,  0000.0001, ]
[ 0000.0002,  0000.1239,  0000.4358,  0000.0001,  0000.0001,  0026.6666, ]

UPDATE
[-0000.1377, ]
[-0000.0415, ]
[-0000.2553, ]
[ 0000.9991, ]
[ 0000.0000, ]
[ 0000.0000, ]

[ 0010.1083, -0000.0063,  0000.0667,  0000.1671,  0000.0880,  0000.0001, ]
[-0000.0063,  0009.9996, -0000.0289, -0000.0738,  0000.1535,  0000.0496, ]
[ 0000.0667, -0000.0289,  0009.9555,  0000.0207, -0000.0441,  0000.1743, ]
[ 0000.1671, -0000.0738,  0000.0207,  0016.6667, -0000.0001,  0000.0000, ]
[ 0000.0880,  0000.1535, -0000.0441, -0000.0002,  0016.6667,  0000.0000, ]
[ 0000.0001,  0000.0496,  0000.1743,  0000.0000,  0000.0000,  0016.6667, ]

Time Elapsed: 0.900000s
PREDICT
[ 0000.0112, ]
[ 0000.0966, ]
[-0000.0223, ]
[ 0000.9991, ]
[ 0000.0000, ]
[ 0000.0000, ]

[ 0010.0189, -0000.0021, -0000.0009,  0000.4154,  0000.0182,  0000.0799, ]
[-0000.0021,  0009.5161,  0000.1041,  0000.0155,  0000.4195, -0000.0087, ]
[-0000.0009,  0000.1041,  0009.9908, -0000.0871,  0000.0086,  0000.4094, ]
[ 0000.4154,  0000.0155, -0000.0871,  0026.6667, -0000.0006,  0000.0001, ]
[ 0000.0182,  0000.4195,  0000.0086, -0000.0006,  0026.6667,  0000.0001, ]
[ 0000.0799, -0000.0087,  0000.4094,  0000.0001,  0000.0001,  0026.6667, ]

UPDATE
[ 0000.0112, ]
[ 0000.0966, ]
[-0000.0223, ]
[ 0000.9996, ]
[ 0000.0000, ]
[ 0000.0000, ]

[ 0010.0124, -0000.0026, -0000.0008,  0000.1661,  0000.0073,  0000.0320, ]
[-0000.0026,  0009.5097,  0000.1042,  0000.0062,  0000.1678, -0000.0035, ]
[-0000.0008,  0000.1042,  0009.9845, -0000.0348,  0000.0034,  0000.1638, ]
[ 0000.1661,  0000.0062, -0000.0348,  0016.6667, -0000.0001,  0000.0000, ]
[ 0000.0073,  0000.1678,  0000.0034, -0000.0003,  0016.6667,  0000.0000, ]
[ 0000.0320, -0000.0035,  0000.1638,  0000.0001,  0000.0000,  0016.6667, ]

Time Elapsed: 1.000000s
PREDICT
[-0000.0709, ]
[ 0000.0516, ]
[ 0000.2688, ]
[ 0000.9996, ]
[ 0000.0000, ]
[ 0000.0000, ]

[ 0010.0316,  0000.0296,  0000.0140,  0000.3754, -0000.2290,  0000.0198, ]
[ 0000.0296,  0009.9858, -0000.1157,  0000.2518,  0000.3853,  0000.0688, ]
[ 0000.0140, -0000.1157,  0009.7659, -0000.0563, -0000.0510,  0000.4434, ]
[ 0000.3754,  0000.2518, -0000.0563,  0026.6667, -0000.0008,  0000.0002, ]
[-0000.2290,  0000.3853, -0000.0510, -0000.0008,  0026.6667,  0000.0001, ]
[ 0000.0198,  0000.0688,  0000.4434,  0000.0002,  0000.0001,  0026.6667, ]

UPDATE
[-0000.0709, ]
[ 0000.0516, ]
[ 0000.2688, ]
[ 0000.9999, ]
[-0000.0000, ]
[ 0000.0000, ]

[ 0010.0246,  0000.0293,  0000.0140,  0000.1502, -0000.0916,  0000.0079, ]
[ 0000.0293,  0009.9780, -0000.1156,  0000.1007,  0000.1541,  0000.0275, ]
[ 0000.0140, -0000.1156,  0009.7586, -0000.0225, -0000.0204,  0000.1774, ]
[ 0000.1502,  0000.1007, -0000.0225,  0016.6667, -0000.0001,  0000.0000, ]
[-0000.0916,  0000.1541, -0000.0204, -0000.0004,  0016.6667,  0000.0000, ]
[ 0000.0079,  0000.0275,  0000.1774,  0000.0001,  0000.0000,  0016.6667, ]

Time Elapsed: 1.100000s
PREDICT
[ 0000.0077, ]
[-0000.0567, ]
[ 0000.0129, ]
[ 0000.9999, ]
[-0000.0000, ]
[ 0000.0000, ]

[ 0010.0227, -0000.0154,  0000.0045,  0000.4180, -0000.0094, -0000.0478, ]
[-0000.0154,  0009.6958,  0000.0652,  0000.0385,  0000.4171, -0000.0053, ]
[ 0000.0045,  0000.0652,  0009.9989,  0000.0396,  0000.0019,  0000.4118, ]
[ 0000.4180,  0000.0385,  0000.0396,  0026.6667, -0000.0011,  0000.0002, ]
[-0000.0094,  0000.4171,  0000.0019, -0000.0011,  0026.6667,  0000.0001, ]
[-0000.0478, -0000.0053,  0000.4118,  0000.0002,  0000.0001,  0026.6667, ]

UPDATE
[ 0000.0077, ]
[-0000.0567, ]
[ 0000.0129, ]
[ 0000.9999, ]
[-0000.0000, ]
[ 0000.0000, ]

[ 0010.0163, -0000.0159,  0000.0046,  0000.1672, -0000.0038, -0000.0191, ]
[-0000.0159,  0009.6895,  0000.0651,  0000.0154,  0000.1668, -0000.0021, ]
[ 0000.0046,  0000.0651,  0009.9927,  0000.0159,  0000.0008,  0000.1647, ]
[ 0000.1672,  0000.0154,  0000.0159,  0016.6667, -0000.0002,  0000.0000, ]
[-0000.0038,  0000.1668,  0000.0008, -0000.0005,  0016.6667,  0000.0000, ]
[-0000.0191, -0000.0021,  0000.1647,  0000.0001,  0000.0000,  0016.6667, ]

Time Elapsed: 1.200000s
PREDICT
[-0000.1402, ]
[-0000.0689, ]
[-0000.2481, ]
[ 0000.9999, ]
[-0000.0000, ]
[ 0000.0000, ]

[ 0010.1193,  0000.0023,  0000.0706,  0000.4182,  0000.2180, -0000.0231, ]
[ 0000.0023,  0010.0007, -0000.0300, -0000.1755,  0000.3860,  0000.1316, ]
[ 0000.0706, -0000.0300,  0009.9801,  0000.0751, -0000.1068,  0000.4330, ]
[ 0000.4182, -0000.1755,  0000.0751,  0026.6667, -0000.0013,  0000.0002, ]
[ 0000.2180,  0000.3860, -0000.1068, -0000.0013,  0026.6667,  0000.0001, ]
[-0000.0231,  0000.1316,  0000.4330,  0000.0002,  0000.0001,  0026.6667, ]

UPDATE
[-0000.1402, ]
[-0000.0689, ]
[-0000.2481, ]
[ 0001.0000, ]
[-0000.0000, ]
[ 0000.0000, ]

[ 0010.1112,  0000.0020,  0000.0707,  0000.1673,  0000.0872, -0000.0092, ]
[ 0000.0020,  0009.9936, -0000.0301, -0000.0702,  0000.1544,  0000.0527, ]
[ 0000.0707, -0000.0301,  0009.9727,  0000.0300, -0000.0427,  0000.1732, ]
[ 0000.1673, -0000.0702,  0000.0300,  0016.6667, -0000.0002,  0000.0000, ]
[ 0000.0872,  0000.1544, -0000.0427, -0000.0006,  0016.6667,  0000.0000, ]
[-0000.0092,  0000.0527,  0000.1732,  0000.0001,  0000.0001,  0016.6667, ]

Time Elapsed: 1.300000s
PREDICT
[ 0000.0114, ]
[ 0000.0959, ]
[-0000.0339, ]
[ 0001.0000, ]
[-0000.0000, ]
[ 0000.0000, ]

[ 0010.0188, -0000.0032, -0000.0001,  0000.4158,  0000.0278,  0000.0795, ]
[-0000.0032,  0009.5358,  0000.1563,  0000.0061,  0000.4194, -0000.0096, ]
[-0000.0001,  0000.1563,  0009.9613, -0000.0874,  0000.0077,  0000.4096, ]
[ 0000.4158,  0000.0061, -0000.0874,  0026.6667, -0000.0015,  0000.0002, ]
[ 0000.0278,  0000.4194,  0000.0077, -0000.0015,  0026.6667,  0000.0001, ]
[ 0000.0795, -0000.0096,  0000.4096,  0000.0002,  0000.0001,  0026.6667, ]

UPDATE
[ 0000.0114, ]
[ 0000.0959, ]
[-0000.0339, ]
[ 0001.0000, ]
[-0000.0000, ]
[ 0000.0000, ]

[ 0010.0124, -0000.0037, -0000.0000,  0000.1663,  0000.0111,  0000.0318, ]
[-0000.0037,  0009.5295,  0000.1563,  0000.0024,  0000.1678, -0000.0038, ]
[-0000.0000,  0000.1563,  0009.9550, -0000.0349,  0000.0031,  0000.1638, ]
[ 0000.1663,  0000.0024, -0000.0349,  0016.6667, -0000.0002,  0000.0000, ]
[ 0000.0111,  0000.1678,  0000.0031, -0000.0008,  0016.6667,  0000.0000, ]
[ 0000.0318, -0000.0038,  0000.1638,  0000.0001,  0000.0001,  0016.6667, ]

Time Elapsed: 1.400000s
PREDICT
[-0000.0679, ]
[ 0000.0817, ]
[ 0000.2609, ]
[ 0001.0000, ]
[-0000.0000, ]
[ 0000.0000, ]

[ 0010.0306,  0000.0306,  0000.0133,  0000.3756, -0000.2248,  0000.0462, ]
[ 0000.0306,  0009.9557, -0000.1423,  0000.2445,  0000.3885,  0000.0728, ]
[ 0000.0133, -0000.1423,  0009.7753, -0000.0800, -0000.0418,  0000.4405, ]
[ 0000.3756,  0000.2445, -0000.0800,  0026.6667, -0000.0018,  0000.0003, ]
[-0000.2248,  0000.3885, -0000.0418, -0000.0018,  0026.6667,  0000.0001, ]
[ 0000.0462,  0000.0728,  0000.4405,  0000.0003,  0000.0001,  0026.6667, ]

UPDATE
[-0000.0679, ]
[ 0000.0817, ]
[ 0000.2609, ]
[ 0001.0000, ]
[-0000.0000, ]
[ 0000.0000, ]

[ 0010.0236,  0000.0304,  0000.0133,  0000.1502, -0000.0899,  0000.0185, ]
[ 0000.0304,  0009.9479, -0000.1422,  0000.0978,  0000.1554,  0000.0291, ]
[ 0000.0133, -0000.1422,  0009.7680, -0000.0320, -0000.0167,  0000.1762, ]
[ 0000.1502,  0000.0978, -0000.0320,  0016.6667, -0000.0003,  0000.0000, ]
[-0000.0899,  0000.1554, -0000.0167, -0000.0009,  0016.6667,  0000.0000, ]
[ 0000.0185,  0000.0291,  0000.1762,  0000.0002,  0000.0001,  0016.6667, ]

Time Elapsed: 1.500000s
PREDICT
[ 0000.0078, ]
[-0000.0554, ]
[ 0000.0193, ]
[ 0001.0000, ]
[-0000.0000, ]
[ 0000.0000, ]

[ 0010.0226, -0000.0145,  0000.0064,  0000.4176, -0000.0149, -0000.0468, ]
[-0000.0145,  0009.7122,  0000.0981,  0000.0434,  0000.4170, -0000.0058, ]
[ 0000.0064,  0000.0981,  0009.9802,  0000.0387,  0000.0016,  0000.4118, ]
[ 0000.4176,  0000.0434,  0000.0387,  0026.6667, -0000.0020,  0000.0003, ]
[-0000.0149,  0000.4170,  0000.0016, -0000.0020,  0026.6667,  0000.0001, ]
[-0000.0468, -0000.0058,  0000.4118,  0000.0003,  0000.0001,  0026.6667, ]

UPDATE
[ 0000.0078, ]
[-0000.0554, ]
[ 0000.0193, ]
[ 0001.0000, ]
[-0000.0000, ]
[ 0000.0000, ]

[ 0010.0162, -0000.0150,  0000.0065,  0000.1670, -0000.0060, -0000.0187, ]
[-0000.0150,  0009.7059,  0000.0981,  0000.0174,  0000.1668, -0000.0023, ]
[ 0000.0065,  0000.0981,  0009.9741,  0000.0155,  0000.0006,  0000.1647, ]
[ 0000.1670,  0000.0174,  0000.0155,  0016.6667, -0000.0003,  0000.0000, ]
[-0000.0060,  0000.1668,  0000.0006, -0000.0010,  0016.6667,  0000.0000, ]
[-0000.0187, -0000.0023,  0000.1647,  0000.0002,  0000.0001,  0016.6667, ]

Time Elapsed: 1.600000s
PREDICT
[-0000.1385, ]
[-0000.0957, ]
[-0000.2399, ]
[ 0001.0000, ]
[-0000.0000, ]
[ 0000.0000, ]

[ 0010.1167,  0000.0100,  0000.0701,  0000.4175,  0000.2149, -0000.0470, ]
[ 0000.0100,  0009.9939, -0000.0311, -0000.1658,  0000.3894,  0000.1352, ]
[ 0000.0701, -0000.0311,  0009.9893,  0000.0971, -0000.1002,  0000.4299, ]
[ 0000.4175, -0000.1658,  0000.0971,  0026.6667, -0000.0023,  0000.0004, ]
[ 0000.2149,  0000.3894, -0000.1002, -0000.0023,  0026.6667,  0000.0002, ]
[-0000.0470,  0000.1352,  0000.4299,  0000.0004,  0000.0002,  0026.6667, ]

UPDATE
[-0000.1385, ]
[-0000.0957, ]
[-0000.2399, ]
[ 0001.0000, ]
[-0000.0000, ]
[ 0000.0000, ]

[ 0010.1086,  0000.0097,  0000.0701,  0000.1670,  0000.0860, -0000.0188, ]
[ 0000.0097,  0009.9868, -0000.0312, -0000.0663,  0000.1558,  0000.0541, ]
[ 0000.0701, -0000.0312,  0009.9819,  0000.0389, -0000.0401,  0000.1720, ]
[ 0000.1670, -0000.0663,  0000.0389,  0016.6667, -0000.0004,  0000.0001, ]
[ 0000.0859,  0000.1558, -0000.0401, -0000.0011,  0016.6667,  0000.0000, ]
[-0000.0188,  0000.0541,  0000.1720,  0000.0002,  0000.0001,  0016.6667, ]

Time Elapsed: 1.700000s
PREDICT
[ 0000.0112, ]
[ 0000.0897, ]
[-0000.0432, ]
[ 0001.0000, ]
[-0000.0000, ]
[ 0000.0000, ]

[ 0010.0191, -0000.0026,  0000.0002,  0000.4166,  0000.0355,  0000.0746, ]
[-0000.0026,  0009.5806,  0000.1948, -0000.0018,  0000.4189, -0000.0100, ]
[ 0000.0002,  0000.1948,  0009.9246, -0000.0827,  0000.0068,  0000.4102, ]
[ 0000.4166, -0000.0018, -0000.0827,  0026.6667, -0000.0025,  0000.0004, ]
[ 0000.0355,  0000.4189,  0000.0068, -0000.0025,  0026.6667,  0000.0002, ]
[ 0000.0746, -0000.0100,  0000.4102,  0000.0004,  0000.0002,  0026.6667, ]

UPDATE
[ 0000.0112, ]
[ 0000.0897, ]
[-0000.0432, ]
[ 0001.0000, ]
[-0000.0000, ]
[ 0000.0000, ]

[ 0010.0126, -0000.0031,  0000.0003,  0000.1666,  0000.0142,  0000.0298, ]
[-0000.0031,  0009.5742,  0000.1949, -0000.0007,  0000.1676, -0000.0040, ]
[ 0000.0003,  0000.1949,  0009.9183, -0000.0331,  0000.0027,  0000.1641, ]
[ 0000.1666, -0000.0007, -0000.0331,  0016.6667, -0000.0004,  0000.0001, ]
[ 0000.0142,  0000.1676,  0000.0027, -0000.0013,  0016.6667,  0000.0000, ]
[ 0000.0298, -0000.0040,  0000.1641,  0000.0002,  0000.0001,  0016.6667, ]

Time Elapsed: 1.800000s
PREDICT
[-0000.0708, ]
[ 0000.1099, ]
[ 0000.2504, ]
[ 0001.0000, ]
[-0000.0000, ]
[ 0000.0000, ]

[ 0010.0322,  0000.0321,  0000.0085,  0000.3763, -0000.2186,  0000.0699, ]
[ 0000.0321,  0009.9238, -0000.1555,  0000.2349,  0000.3926,  0000.0806, ]
[ 0000.0085, -0000.1555,  0009.8156, -0000.1037, -0000.0386,  0000.4362, ]
[ 0000.3763,  0000.2349, -0000.1037,  0026.6667, -0000.0028,  0000.0005, ]
[-0000.2186,  0000.3926, -0000.0386, -0000.0028,  0026.6667,  0000.0002, ]
[ 0000.0699,  0000.0806,  0000.4362,  0000.0005,  0000.0002,  0026.6667, ]

UPDATE
[-0000.0708, ]
[ 0000.1099, ]
[ 0000.2504, ]
[ 0001.0000, ]
[-0000.0000, ]
[ 0000.0000, ]

[ 0010.0252,  0000.0318,  0000.0085,  0000.1505, -0000.0874,  0000.0279, ]
[ 0000.0318,  0009.9160, -0000.1553,  0000.0940,  0000.1571,  0000.0322, ]
[ 0000.0085, -0000.1553,  0009.8083, -0000.0415, -0000.0155,  0000.1745, ]
[ 0000.1505,  0000.0940, -0000.0415,  0016.6667, -0000.0004,  0000.0001, ]
[-0000.0875,  0000.1570, -0000.0155, -0000.0014,  0016.6667,  0000.0000, ]
[ 0000.0279,  0000.0322,  0000.1745,  0000.0002,  0000.0001,  0016.6667, ]

Time Elapsed: 1.900000s
PREDICT
[ 0000.0078, ]
[-0000.0528, ]
[ 0000.0252, ]
[ 0001.0000, ]
[-0000.0000, ]
[ 0000.0000, ]

[ 0010.0225, -0000.0138,  0000.0082,  0000.4172, -0000.0200, -0000.0447, ]
[-0000.0138,  0009.7376,  0000.1253,  0000.0478,  0000.4167, -0000.0062, ]
[ 0000.0082,  0000.1253,  0009.9551,  0000.0365,  0000.0013,  0000.4119, ]
[ 0000.4172,  0000.0478,  0000.0365,  0026.6667, -0000.0030,  0000.0005, ]
[-0000.0200,  0000.4167,  0000.0013, -0000.0030,  0026.6667,  0000.0002, ]
[-0000.0447, -0000.0062,  0000.4119,  0000.0005,  0000.0002,  0026.6667, ]

UPDATE
[ 0000.0078, ]
[-0000.0528, ]
[ 0000.0252, ]
[ 0001.0000, ]
[-0000.0000, ]
[ 0000.0000, ]

[ 0010.0162, -0000.0142,  0000.0083,  0000.1669, -0000.0080, -0000.0179, ]
[-0000.0142,  0009.7313,  0000.1253,  0000.0191,  0000.1667, -0000.0025, ]
[ 0000.0083,  0000.1253,  0009.9490,  0000.0146,  0000.0005,  0000.1648, ]
[ 0000.1669,  0000.0191,  0000.0146,  0016.6667, -0000.0005,  0000.0001, ]
[-0000.0080,  0000.1667,  0000.0005, -0000.0015,  0016.6667,  0000.0000, ]
[-0000.0179, -0000.0025,  0000.1648,  0000.0002,  0000.0001,  0016.6667, ]

Time Elapsed: 2.000000s
PREDICT
[-0000.1381, ]
[-0000.1211, ]
[-0000.2284, ]
[ 0001.0000, ]
[-0000.0000, ]
[ 0000.0000, ]

[ 0010.1156,  0000.0177,  0000.0697,  0000.4169,  0000.2087, -0000.0699, ]
[ 0000.0177,  0009.9877, -0000.0292, -0000.1534,  0000.3938,  0000.1391, ]
[ 0000.0697, -0000.0292,  0010.0006,  0000.1178, -0000.0957,  0000.4255, ]
[ 0000.4169, -0000.1534,  0000.1178,  0026.6667, -0000.0033,  0000.0005, ]
[ 0000.2087,  0000.3938, -0000.0957, -0000.0033,  0026.6667,  0000.0002, ]
[-0000.0699,  0000.1391,  0000.4255,  0000.0005,  0000.0002,  0026.6667, ]

UPDATE
[-0000.1381, ]
[-0000.1211, ]
[-0000.2284, ]
[ 0001.0000, ]
[-0000.0000, ]
[ 0000.0000, ]

[ 0010.1076,  0000.0174,  0000.0697,  0000.1668,  0000.0835, -0000.0280, ]
[ 0000.0174,  0009.9806, -0000.0294, -0000.0614,  0000.1575,  0000.0556, ]
[ 0000.0697, -0000.0294,  0009.9933,  0000.0471, -0000.0383,  0000.1702, ]
[ 0000.1668, -0000.0613,  0000.0471,  0016.6667, -0000.0005,  0000.0001, ]
[ 0000.0835,  0000.1575, -0000.0383, -0000.0017,  0016.6667,  0000.0000, ]
[-0000.0280,  0000.0556,  0000.1702,  0000.0003,  0000.0001,  0016.6667, ]

Time Elapsed: 2.100000s
PREDICT
[ 0000.0112, ]
[ 0000.0840, ]
[-0000.0525, ]
[ 0001.0000, ]
[-0000.0000, ]
[ 0000.0000, ]

[ 0010.0192, -0000.0025,  0000.0007,  0000.4173,  0000.0433,  0000.0701, ]
[-0000.0025,  0009.6275,  0000.2259, -0000.0097,  0000.4183, -0000.0104, ]
[ 0000.0007,  0000.2259,  0009.8798, -0000.0785,  0000.0062,  0000.4109, ]
[ 0000.4173, -0000.0097, -0000.0785,  0026.6667, -0000.0036,  0000.0006, ]
[ 0000.0433,  0000.4183,  0000.0062, -0000.0036,  0026.6667,  0000.0003, ]
[ 0000.0701, -0000.0104,  0000.4109,  0000.0006,  0000.0003,  0026.6667, ]

UPDATE
[ 0000.0112, ]
[ 0000.0840, ]
[-0000.0525, ]
[ 0001.0000, ]
[-0000.0000, ]
[ 0000.0000, ]

[ 0010.0127, -0000.0030,  0000.0008,  0000.1669,  0000.0173,  0000.0280, ]
[-0000.0030,  0009.6212,  0000.2260, -0000.0039,  0000.1673, -0000.0041, ]
[ 0000.0008,  0000.2260,  0009.8735, -0000.0314,  0000.0025,  0000.1644, ]
[ 0000.1669, -0000.0038, -0000.0314,  0016.6667, -0000.0006,  0000.0001, ]
[ 0000.0173,  0000.1673,  0000.0025, -0000.0018,  0016.6667,  0000.0000, ]
[ 0000.0280, -0000.0041,  0000.1644,  0000.0003,  0000.0001,  0016.6667, ]

Time Elapsed: 2.200000s
PREDICT
[-0000.0716, ]
[ 0000.1369, ]
[ 0000.2366, ]
[ 0001.0000, ]
[-0000.0000, ]
[ 0000.0000, ]

[ 0010.0331,  0000.0327,  0000.0048,  0000.3771, -0000.2095,  0000.0933, ]
[ 0000.0327,  0009.8887, -0000.1637,  0000.2227,  0000.3980,  0000.0858, ]
[ 0000.0048, -0000.1637,  0009.8493, -0000.1258, -0000.0348,  0000.4309, ]
[ 0000.3771,  0000.2227, -0000.1258,  0026.6667, -0000.0038,  0000.0006, ]
[-0000.2095,  0000.3980, -0000.0348, -0000.0038,  0026.6667,  0000.0003, ]
[ 0000.0933,  0000.0858,  0000.4309,  0000.0006,  0000.0003,  0026.6667, ]

UPDATE
[-0000.0716, ]
[ 0000.1369, ]
[ 0000.2366, ]
[ 0001.0000, ]
[-0000.0000, ]
[ 0000.0000, ]

[ 0010.0261,  0000.0324,  0000.0048,  0000.1508, -0000.0838,  0000.0373, ]
[ 0000.0324,  0009.8809, -0000.1635,  0000.0891,  0000.1592,  0000.0343, ]
[ 0000.0048, -0000.1635,  0009.8420, -0000.0503, -0000.0139,  0000.1724, ]
[ 0000.1508,  0000.0891, -0000.0503,  0016.6667, -0000.0006,  0000.0001, ]
[-0000.0838,  0000.1592, -0000.0139, -0000.0019,  0016.6667,  0000.0000, ]
[ 0000.0373,  0000.0343,  0000.1724,  0000.0003,  0000.0002,  0016.6667, ]

Time Elapsed: 2.300000s
PREDICT
[ 0000.0078, ]
[-0000.0499, ]
[ 0000.0310, ]
[ 0001.0000, ]
[-0000.0000, ]
[ 0000.0000, ]

[ 0010.0225, -0000.0127,  0000.0099,  0000.4169, -0000.0250, -0000.0423, ]
[-0000.0127,  0009.7673,  0000.1468,  0000.0521,  0000.4164, -0000.0066, ]
[ 0000.0099,  0000.1468,  0009.9244,  0000.0341,  0000.0011,  0000.4121, ]
[ 0000.4169,  0000.0521,  0000.0341,  0026.6667, -0000.0041,  0000.0006, ]
[-0000.0250,  0000.4164,  0000.0011, -0000.0041,  0026.6667,  0000.0003, ]
[-0000.0423, -0000.0066,  0000.4121,  0000.0006,  0000.0003,  0026.6667, ]

UPDATE
[ 0000.0078, ]
[-0000.0499, ]
[ 0000.0310, ]
[ 0001.0000, ]
[-0000.0000, ]
[ 0000.0000, ]

[ 0010.0161, -0000.0131,  0000.0100,  0000.1667, -0000.0100, -0000.0169, ]
[-0000.0131,  0009.7609,  0000.1468,  0000.0208,  0000.1666, -0000.0026, ]
[ 0000.0100,  0000.1468,  0009.9182,  0000.0136,  0000.0004,  0000.1648, ]
[ 0000.1667,  0000.0209,  0000.0136,  0016.6667, -0000.0007,  0000.0001, ]
[-0000.0100,  0000.1666,  0000.0004, -0000.0021,  0016.6667,  0000.0000, ]
[-0000.0169, -0000.0026,  0000.1648,  0000.0003,  0000.0001,  0016.6667, ]

Time Elapsed: 2.400000s
PREDICT
[-0000.1371, ]
[-0000.1451, ]
[-0000.2145, ]
[ 0001.0000, ]
[-0000.0000, ]
[ 0000.0000, ]

[ 0010.1135,  0000.0249,  0000.0678,  0000.4160,  0000.2004, -0000.0920, ]
[ 0000.0249,  0009.9818, -0000.0261, -0000.1391,  0000.3990,  0000.1414, ]
[ 0000.0678, -0000.0261,  0010.0101,  0000.1369, -0000.0916,  0000.4205, ]
[ 0000.4160, -0000.1391,  0000.1369,  0026.6667, -0000.0044,  0000.0007, ]
[ 0000.2004,  0000.3990, -0000.0916, -0000.0044,  0026.6667,  0000.0003, ]
[-0000.0920,  0000.1414,  0000.4205,  0000.0007,  0000.0003,  0026.6667, ]

UPDATE
[-0000.1371, ]
[-0000.1451, ]
[-0000.2145, ]
[ 0001.0000, ]
[-0000.0000, ]
[ 0000.0000, ]

[ 0010.1056,  0000.0246,  0000.0678,  0000.1664,  0000.0802, -0000.0368, ]
[ 0000.0246,  0009.9747, -0000.0262, -0000.0557,  0000.1596,  0000.0566, ]
[ 0000.0678, -0000.0262,  0010.0027,  0000.0548, -0000.0366,  0000.1682, ]
[ 0000.1664, -0000.0556,  0000.0548,  0016.6667, -0000.0007,  0000.0001, ]
[ 0000.0802,  0000.1596, -0000.0366, -0000.0022,  0016.6667,  0000.0001, ]
[-0000.0368,  0000.0566,  0000.1682,  0000.0004,  0000.0002,  0016.6667, ]

Time Elapsed: 2.500000s
PREDICT
[ 0000.0111, ]
[ 0000.0769, ]
[-0000.0605, ]
[ 0001.0000, ]
[-0000.0000, ]
[ 0000.0000, ]

[ 0010.0193, -0000.0021,  0000.0010,  0000.4179,  0000.0500,  0000.0644, ]
[-0000.0021,  0009.6811,  0000.2448, -0000.0166,  0000.4177, -0000.0105, ]
[ 0000.0010,  0000.2448,  0009.8313, -0000.0730,  0000.0056,  0000.4116, ]
[ 0000.4179, -0000.0166, -0000.0730,  0026.6667, -0000.0047,  0000.0007, ]
[ 0000.0500,  0000.4177,  0000.0056, -0000.0047,  0026.6667,  0000.0004, ]
[ 0000.0644, -0000.0105,  0000.4116,  0000.0007,  0000.0004,  0026.6667, ]

UPDATE
[ 0000.0111, ]
[ 0000.0769, ]
[-0000.0605, ]
[ 0001.0000, ]
[-0000.0000, ]
[ 0000.0000, ]

[ 0010.0128, -0000.0026,  0000.0011,  0000.1672,  0000.0200,  0000.0257, ]
[-0000.0026,  0009.6748,  0000.2449, -0000.0066,  0000.1671, -0000.0042, ]
[ 0000.0011,  0000.2449,  0009.8250, -0000.0292,  0000.0023,  0000.1647, ]
[ 0000.1672, -0000.0066, -0000.0292,  0016.6667, -0000.0007,  0000.0001, ]
[ 0000.0200,  0000.1671,  0000.0023, -0000.0024,  0016.6667,  0000.0001, ]
[ 0000.0258, -0000.0042,  0000.1647,  0000.0004,  0000.0002,  0016.6667, ]

Time Elapsed: 2.600000s
PREDICT
[-0000.0734, ]
[ 0000.1620, ]
[ 0000.2202, ]
[ 0001.0000, ]
[-0000.0000, ]
[ 0000.0000, ]

[ 0010.0345,  0000.0326,  0000.0003,  0000.3781, -0000.1982,  0000.1151, ]
[ 0000.0326,  0009.8547, -0000.1620,  0000.2082,  0000.4041,  0000.0904, ]
[ 0000.0003, -0000.1620,  0009.8867, -0000.1464, -0000.0331,  0000.4248, ]
[ 0000.3781,  0000.2082, -0000.1464,  0026.6667, -0000.0049,  0000.0008, ]
[-0000.1982,  0000.4041, -0000.0331, -0000.0049,  0026.6667,  0000.0004, ]
[ 0000.1151,  0000.0904,  0000.4248,  0000.0008,  0000.0004,  0026.6667, ]

UPDATE
[-0000.0734, ]
[ 0000.1620, ]
[ 0000.2202, ]
[ 0001.0000, ]
[-0000.0000, ]
[ 0000.0000, ]

[ 0010.0275,  0000.0322,  0000.0003,  0000.1513, -0000.0792,  0000.0460, ]
[ 0000.0322,  0009.8470, -0000.1619,  0000.0833,  0000.1616,  0000.0362, ]
[ 0000.0003, -0000.1619,  0009.8794, -0000.0586, -0000.0132,  0000.1699, ]
[ 0000.1512,  0000.0833, -0000.0586,  0016.6667, -0000.0008,  0000.0001, ]
[-0000.0793,  0000.1616, -0000.0132, -0000.0025,  0016.6667,  0000.0001, ]
[ 0000.0460,  0000.0362,  0000.1699,  0000.0004,  0000.0002,  0016.6667, ]

Time Elapsed: 2.700000s
PREDICT
[ 0000.0078, ]
[-0000.0464, ]
[ 0000.0364, ]
[ 0001.0000, ]
[-0000.0000, ]
[ 0000.0000, ]

[ 0010.0224, -0000.0114,  0000.0113,  0000.4165, -0000.0296, -0000.0394, ]
[-0000.0114,  0009.8007,  0000.1612,  0000.0561,  0000.4160, -0000.0070, ]
[ 0000.0113,  0000.1612,  0009.8896,  0000.0313,  0000.0009,  0000.4123, ]
[ 0000.4165,  0000.0561,  0000.0313,  0026.6667, -0000.0052,  0000.0008, ]
[-0000.0296,  0000.4160,  0000.0009, -0000.0052,  0026.6667,  0000.0004, ]
[-0000.0394, -0000.0070,  0000.4123,  0000.0008,  0000.0004,  0026.6667, ]

UPDATE
[ 0000.0078, ]
[-0000.0464, ]
[ 0000.0364, ]
[ 0001.0000, ]
[-0000.0000, ]
[ 0000.0000, ]

[ 0010.0160, -0000.0118,  0000.0115,  0000.1666, -0000.0118, -0000.0158, ]
[-0000.0118,  0009.7943,  0000.1612,  0000.0224,  0000.1664, -0000.0028, ]
[ 0000.0115,  0000.1612,  0009.8835,  0000.0125,  0000.0004,  0000.1649, ]
[ 0000.1666,  0000.0225,  0000.0125,  0016.6667, -0000.0008,  0000.0001, ]
[-0000.0119,  0000.1664,  0000.0004, -0000.0027,  0016.6667,  0000.0001, ]
[-0000.0158, -0000.0028,  0000.1649,  0000.0004,  0000.0002,  0016.6667, ]

Time Elapsed: 2.800000s
PREDICT
[-0000.1360, ]
[-0000.1673, ]
[-0000.1984, ]
[ 0001.0000, ]
[-0000.0000, ]
[ 0000.0000, ]

[ 0010.1113,  0000.0315,  0000.0651,  0000.4149,  0000.1898, -0000.1129, ]
[ 0000.0315,  0009.9767, -0000.0213, -0000.1231,  0000.4047,  0000.1425, ]
[ 0000.0651, -0000.0213,  0010.0184,  0000.1542, -0000.0887,  0000.4150, ]
[ 0000.4149, -0000.1231,  0000.1542,  0026.6667, -0000.0055,  0000.0009, ]
[ 0000.1898,  0000.4047, -0000.0887, -0000.0055,  0026.6667,  0000.0004, ]
[-0000.1129,  0000.1425,  0000.4150,  0000.0009,  0000.0004,  0026.6667, ]

UPDATE
[-0000.1360, ]
[-0000.1673, ]
[-0000.1984, ]
[ 0001.0000, ]
[-0000.0000, ]
[ 0000.0000, ]

[ 0010.1034,  0000.0312,  0000.0651,  0000.1659,  0000.0760, -0000.0452, ]
[ 0000.0312,  0009.9696, -0000.0215, -0000.0493,  0000.1619,  0000.0570, ]
[ 0000.0651, -0000.0215,  0010.0111,  0000.0617, -0000.0355,  0000.1660, ]
[ 0000.1660, -0000.0492,  0000.0617,  0016.6667, -0000.0009,  0000.0001, ]
[ 0000.0759,  0000.1619, -0000.0355, -0000.0028,  0016.6667,  0000.0001, ]
[-0000.0452,  0000.0570,  0000.1660,  0000.0004,  0000.0002,  0016.6667, ]

Time Elapsed: 2.900000s
PREDICT
[ 0000.0111, ]
[ 0000.0691, ]
[-0000.0675, ]
[ 0001.0000, ]
[-0000.0000, ]
[ 0000.0000, ]

[ 0010.0195, -0000.0017,  0000.0012,  0000.4185,  0000.0558,  0000.0581, ]
[-0000.0017,  0009.7364,  0000.2524, -0000.0227,  0000.4170, -0000.0105, ]
[ 0000.0012,  0000.2524,  0009.7812, -0000.0669,  0000.0053,  0000.4124, ]
[ 0000.4185, -0000.0227, -0000.0669,  0026.6667, -0000.0058,  0000.0009, ]
[ 0000.0558,  0000.4170,  0000.0053, -0000.0058,  0026.6667,  0000.0005, ]
[ 0000.0581, -0000.0105,  0000.4124,  0000.0009,  0000.0005,  0026.6667, ]

UPDATE
[ 0000.0111, ]
[ 0000.0691, ]
[-0000.0675, ]
[ 0001.0000, ]
[-0000.0000, ]
[ 0000.0000, ]

[ 0010.0129, -0000.0021,  0000.0013,  0000.1674,  0000.0224,  0000.0232, ]
[-0000.0021,  0009.7302,  0000.2524, -0000.0091,  0000.1668, -0000.0042, ]
[ 0000.0013,  0000.2524,  0009.7749, -0000.0267,  0000.0021,  0000.1650, ]
[ 0000.1674, -0000.0090, -0000.0267,  0016.6667, -0000.0009,  0000.0001, ]
[ 0000.0223,  0000.1668,  0000.0021, -0000.0029,  0016.6667,  0000.0001, ]
[ 0000.0232, -0000.0042,  0000.1650,  0000.0005,  0000.0002,  0016.6667, ]

Time Elapsed: 3.000000s
PREDICT
[-0000.0752, ]
[ 0000.1848, ]
[ 0000.2013, ]
[ 0001.0000, ]
[-0000.0000, ]
[-0000.0000, ]

[ 0010.0362,  0000.0316, -0000.0042,  0000.3793, -0000.1846,  0000.1354, ]
[ 0000.0316,  0009.8230, -0000.1528,  0000.1917,  0000.4106,  0000.0937, ]
[-0000.0042, -0000.1528,  0009.9220, -0000.1653, -0000.0328,  0000.4182, ]
[ 0000.3793,  0000.1917, -0000.1653,  0026.6667, -0000.0061,  0000.0010, ]
[-0000.1846,  0000.4106, -0000.0328, -0000.0061,  0026.6667,  0000.0005, ]
[ 0000.1354,  0000.0937,  0000.4182,  0000.0010,  0000.0005,  0026.6667, ]

UPDATE
[-0000.0752, ]
[ 0000.1848, ]
[ 0000.2013, ]
[ 0001.0000, ]
[-0000.0000, ]
[-0000.0000, ]

[ 0010.0291,  0000.0313, -0000.0042,  0000.1517, -0000.0738,  0000.0541, ]
[ 0000.0313,  0009.8153, -0000.1526,  0000.0767,  0000.1643,  0000.0375, ]
[-0000.0042, -0000.1526,  0009.9147, -0000.0661, -0000.0131,  0000.1673, ]
[ 0000.1517,  0000.0767, -0000.0661,  0016.6667, -0000.0010,  0000.0002, ]
[-0000.0739,  0000.1642, -0000.0131, -0000.0031,  0016.6667,  0000.0001, ]
[ 0000.0541,  0000.0375,  0000.1673,  0000.0005,  0000.0003,  0016.6667, ]

Time Elapsed: 3.100000s
PREDICT
[ 0000.0079, ]
[-0000.0424, ]
[ 0000.0414, ]
[ 0001.0000, ]
[-0000.0000, ]
[ 0000.0000, ]

[ 0010.0223, -0000.0099,  0000.0126,  0000.4161, -0000.0340, -0000.0362, ]
[-0000.0099,  0009.8360,  0000.1679,  0000.0599,  0000.4156, -0000.0073, ]
[ 0000.0126,  0000.1679,  0009.8525,  0000.0282,  0000.0009,  0000.4126, ]
[ 0000.4161,  0000.0599,  0000.0282,  0026.6667, -0000.0064,  0000.0010, ]
[-0000.0340,  0000.4156,  0000.0009, -0000.0064,  0026.6667,  0000.0005, ]
[-0000.0362, -0000.0073,  0000.4126,  0000.0010,  0000.0005,  0026.6667, ]

UPDATE
[ 0000.0079, ]
[-0000.0424, ]
[ 0000.0414, ]
[ 0001.0000, ]
[-0000.0000, ]
[ 0000.0000, ]

[ 0010.0160, -0000.0103,  0000.0127,  0000.1665, -0000.0136, -0000.0145, ]
[-0000.0103,  0009.8296,  0000.1679,  0000.0239,  0000.1663, -0000.0029, ]
[ 0000.0127,  0000.1679,  0009.8464,  0000.0113,  0000.0004,  0000.1650, ]
[ 0000.1665,  0000.0240,  0000.0113,  0016.6667, -0000.0010,  0000.0002, ]
[-0000.0136,  0000.1662,  0000.0003, -0000.0033,  0016.6667,  0000.0001, ]
[-0000.0145, -0000.0029,  0000.1650,  0000.0005,  0000.0002,  0016.6667, ]

Time Elapsed: 3.200000s
PREDICT
[-0000.1348, ]
[-0000.1875, ]
[-0000.1802, ]
[ 0001.0000, ]
[-0000.0000, ]
[ 0000.0000, ]

[ 0010.1087,  0000.0374,  0000.0617,  0000.4136,  0000.1772, -0000.1325, ]
[ 0000.0374,  0009.9725, -0000.0154, -0000.1057,  0000.4107,  0000.1422, ]
[ 0000.0617, -0000.0154,  0010.0252,  0000.1696, -0000.0868,  0000.4092, ]
[ 0000.4136, -0000.1057,  0000.1696,  0026.6667, -0000.0067,  0000.0011, ]
[ 0000.1772,  0000.4107, -0000.0868, -0000.0067,  0026.6667,  0000.0006, ]
[-0000.1325,  0000.1422,  0000.4092,  0000.0011,  0000.0006,  0026.6667, ]

UPDATE
[-0000.1348, ]
[-0000.1875, ]
[-0000.1802, ]
[ 0001.0000, ]
[-0000.0000, ]
[ 0000.0000, ]

[ 0010.1008,  0000.0370,  0000.0616,  0000.1654,  0000.0709, -0000.0530, ]
[ 0000.0370,  0009.9653, -0000.0156, -0000.0423,  0000.1643,  0000.0569, ]
[ 0000.0616, -0000.0156,  0010.0179,  0000.0678, -0000.0347,  0000.1637, ]
[ 0000.1655, -0000.0422,  0000.0678,  0016.6667, -0000.0011,  0000.0002, ]
[ 0000.0709,  0000.1643, -0000.0347, -0000.0034,  0016.6667,  0000.0001, ]
[-0000.0530,  0000.0569,  0000.1637,  0000.0005,  0000.0003,  0016.6667, ]

Time Elapsed: 3.300000s
PREDICT
[ 0000.0110, ]
[ 0000.0608, ]
[-0000.0733, ]
[ 0001.0000, ]
[-0000.0000, ]
[-0000.0000, ]

[ 0010.0196, -0000.0012,  0000.0012,  0000.4190,  0000.0608,  0000.0513, ]
[-0000.0012,  0009.7914,  0000.2485, -0000.0279,  0000.4163, -0000.0103, ]
[ 0000.0012,  0000.2485,  0009.7323, -0000.0602,  0000.0051,  0000.4132, ]
[ 0000.4190, -0000.0279, -0000.0602,  0026.6667, -0000.0070,  0000.0011, ]
[ 0000.0608,  0000.4163,  0000.0051, -0000.0070,  0026.6667,  0000.0006, ]
[ 0000.0513, -0000.0103,  0000.4132,  0000.0011,  0000.0006,  0026.6667, ]

UPDATE
[ 0000.0110, ]
[ 0000.0608, ]
[-0000.0733, ]
[ 0001.0000, ]
[-0000.0000, ]
[-0000.0000, ]

[ 0010.0131, -0000.0017,  0000.0013,  0000.1676,  0000.0244,  0000.0205, ]
[-0000.0017,  0009.7851,  0000.2486, -0000.0112,  0000.1665, -0000.0041, ]
[ 0000.0013,  0000.2486,  0009.7260, -0000.0241,  0000.0020,  0000.1653, ]
[ 0000.1676, -0000.0111, -0000.0241,  0016.6667, -0000.0011,  0000.0002, ]
[ 0000.0243,  0000.1665,  0000.0020, -0000.0036,  0016.6667,  0000.0001, ]
[ 0000.0205, -0000.0041,  0000.1653,  0000.0006,  0000.0003,  0016.6667, ]

Time Elapsed: 3.400000s
PREDICT
[-0000.0773, ]
[ 0000.2053, ]
[ 0000.1802, ]
[ 0001.0000, ]
[ 0000.0000, ]
[ 0000.0000, ]

[ 0010.0381,  0000.0299, -0000.0086,  0000.3807, -0000.1692,  0000.1538, ]
[ 0000.0299,  0009.7957, -0000.1363,  0000.1733,  0000.4173,  0000.0957, ]
[-0000.0086, -0000.1363,  0009.9542, -0000.1821, -0000.0343,  0000.4114, ]
[ 0000.3807,  0000.1733, -0000.1821,  0026.6667, -0000.0073,  0000.0012, ]
[-0000.1692,  0000.4173, -0000.0343, -0000.0073,  0026.6667,  0000.0006, ]
[ 0000.1538,  0000.0957,  0000.4114,  0000.0012,  0000.0006,  0026.6667, ]

UPDATE
[-0000.0773, ]
[ 0000.2053, ]
[ 0000.1802, ]
[ 0001.0000, ]
[ 0000.0000, ]
[ 0000.0000, ]

[ 0010.0310,  0000.0295, -0000.0086,  0000.1523, -0000.0676,  0000.0615, ]
[ 0000.0295,  0009.7880, -0000.1361,  0000.0693,  0000.1670,  0000.0383, ]
[-0000.0086, -0000.1361,  0009.9469, -0000.0728, -0000.0137,  0000.1646, ]
[ 0000.1523,  0000.0694, -0000.0728,  0016.6667, -0000.0012,  0000.0002, ]
[-0000.0677,  0000.1669, -0000.0137, -0000.0037,  0016.6667,  0000.0001, ]
[ 0000.0615,  0000.0383,  0000.1646,  0000.0006,  0000.0003,  0016.6667, ]

Time Elapsed: 3.500000s
PREDICT
[ 0000.0079, ]
[-0000.0380, ]
[ 0000.0460, ]
[ 0001.0000, ]
[-0000.0000, ]
[ 0000.0000, ]

[ 0010.0222, -0000.0083,  0000.0136,  0000.4158, -0000.0380, -0000.0326, ]
[-0000.0083,  0009.8715,  0000.1669,  0000.0633,  0000.4152, -0000.0075, ]
[ 0000.0136,  0000.1669,  0009.8146,  0000.0248,  0000.0009,  0000.4129, ]
[ 0000.4158,  0000.0633,  0000.0248,  0026.6667, -0000.0077,  0000.0012, ]
[-0000.0380,  0000.4152,  0000.0009, -0000.0077,  0026.6667,  0000.0006, ]
[-0000.0326, -0000.0075,  0000.4129,  0000.0012,  0000.0006,  0026.6667, ]

UPDATE
[ 0000.0079, ]
[-0000.0380, ]
[ 0000.0460, ]
[ 0001.0000, ]
[-0000.0000, ]
[ 0000.0000, ]

[ 0010.0159, -0000.0087,  0000.0137,  0000.1663, -0000.0152, -0000.0130, ]
[-0000.0087,  0009.8652,  0000.1669,  0000.0253,  0000.1661, -0000.0030, ]
[ 0000.0137,  0000.1669,  0009.8085,  0000.0099,  0000.0004,  0000.1652, ]
[ 0000.1663,  0000.0254,  0000.0099,  0016.6667, -0000.0012,  0000.0002, ]
[-0000.0152,  0000.1661,  0000.0004, -0000.0039,  0016.6667,  0000.0001, ]
[-0000.0130, -0000.0030,  0000.1652,  0000.0006,  0000.0003,  0016.6667, ]

Time Elapsed: 3.600000s
PREDICT
[-0000.1334, ]
[-0000.2056, ]
[-0000.1603, ]
[ 0001.0000, ]
[-0000.0000, ]
[ 0000.0000, ]

