Random omega: [3.401877, -1.056171, 2.830992]
INITIAL
[ 0000.0000, ]
[ 0000.0000, ]
[ 0000.0000, ]
[ 0000.0000, ]
[ 0000.0000, ]
[ 0000.0000, ]
[ 0000.0000, ]
[ 0000.0000, ]
[ 0000.0000, ]

[ 0010.0000,  0000.0000,  0000.0000,  0000.0000,  0000.0000,  0000.0000,  0000.0000,  0000.0000,  0000.0000, ]
[ 0000.0000,  0010.0000,  0000.0000,  0000.0000,  0000.0000,  0000.0000,  0000.0000,  0000.0000,  0000.0000, ]
[ 0000.0000,  0000.0000,  0010.0000,  0000.0000,  0000.0000,  0000.0000,  0000.0000,  0000.0000,  0000.0000, ]
[ 0000.0000,  0000.0000,  0000.0000,  0010.0000,  0000.0000,  0000.0000,  0000.0000,  0000.0000,  0000.0000, ]
[ 0000.0000,  0000.0000,  0000.0000,  0000.0000,  0010.0000,  0000.0000,  0000.0000,  0000.0000,  0000.0000, ]
[ 0000.0000,  0000.0000,  0000.0000,  0000.0000,  0000.0000,  0010.0000,  0000.0000,  0000.0000,  0000.0000, ]
[ 0000.0000,  0000.0000,  0000.0000,  0000.0000,  0000.0000,  0000.0000,  0010.0000,  0000.0000,  0000.0000, ]
[ 0000.0000,  0000.0000,  0000.0000,  0000.0000,  0000.0000,  0000.0000,  0000.0000,  0010.0000,  0000.0000, ]
[ 0000.0000,  0000.0000,  0000.0000,  0000.0000,  0000.0000,  0000.0000,  0000.0000,  0000.0000,  0010.0000, ]

PREDICT
[ 0000.0507, ]
[-0000.3705, ]
[ 0000.0000, ]
[-0000.0000, ]
[-0000.0000, ]
[-0000.0000, ]
[ 0000.0000, ]
[ 0000.0000, ]
[ 0000.0000, ]

[ 0010.0160, -0000.0694, -0000.0000,  0000.0250, -0000.0000, -0000.0000,  0000.0250,  0000.0000,  0000.0000, ]
[-0000.0694,  0010.5079, -0000.0000,  0000.0034,  0000.0253,  0000.0000,  0000.0000,  0000.0250,  0000.0000, ]
[-0000.0000, -0000.0000,  0010.0063,  0000.0000,  0000.0000,  0000.0253,  0000.0000,  0000.0000,  0000.0250, ]
[ 0000.0250,  0000.0034, -0000.0000,  0010.1010,  0000.0000,  0000.0000,  0000.1000,  0000.0000,  0000.0000, ]
[-0000.0000,  0000.0253, -0000.0000,  0000.0000,  0010.1010,  0000.0000,  0000.0000,  0000.1000,  0000.0000, ]
[-0000.0000,  0000.0000,  0000.0253,  0000.0000,  0000.0000,  0010.1010,  0000.0000,  0000.0000,  0000.1000, ]
[ 0000.0250,  0000.0000,  0000.0000,  0000.1000,  0000.0000,  0000.0000,  0020.0000,  0000.0000,  0000.0000, ]
[ 0000.0000,  0000.0250,  0000.0000,  0000.0000,  0000.1000,  0000.0000,  0000.0000,  0020.0000,  0000.0000, ]
[ 0000.0000,  0000.0000,  0000.0250,  0000.0000,  0000.0000,  0000.1000,  0000.0000,  0000.0000,  0020.0000, ]

UPDATE
[ 0000.0541, ]
[-0000.3628, ]
[-0000.0024, ]
[ 0000.0134, ]
[ 0000.0306, ]
[-0000.0095, ]
[ 0001.3410, ]
[ 0000.0303, ]
[-0000.0094, ]

[ 0010.0160, -0000.0694, -0000.0000,  0000.0249, -0000.0000, -0000.0000,  0000.0132,  0000.0000,  0000.0000, ]
[-0000.0694,  0010.5078, -0000.0000,  0000.0034,  0000.0250,  0000.0000,  0000.0000,  0000.0248, -0000.0000, ]
[-0000.0000, -0000.0000,  0010.0063,  0000.0000,  0000.0000,  0000.0250,  0000.0000, -0000.0000,  0000.0248, ]
[ 0000.0249,  0000.0034, -0000.0000,  0010.1005,  0000.0000,  0000.0000,  0000.0526, -0000.0000, -0000.0000, ]
[-0000.0000,  0000.0250, -0000.0000,  0000.0000,  0010.1001,  0000.0000,  0000.0000,  0000.0991, -0000.0000, ]
[-0000.0000,  0000.0000,  0000.0250,  0000.0000,  0000.0000,  0010.1001,  0000.0000, -0000.0000,  0000.0991, ]
[ 0000.0132,  0000.0000,  0000.0000,  0000.0526,  0000.0000,  0000.0000,  0015.2632,  0000.0000,  0000.0000, ]
[ 0000.0000,  0000.0248, -0000.0000, -0000.0000,  0000.0991, -0000.0000,  0000.0000,  0019.9991,  0000.0000, ]
[ 0000.0000, -0000.0000,  0000.0248, -0000.0000, -0000.0000,  0000.0991,  0000.0000,  0000.0000,  0019.9991, ]

PREDICT
[-0000.0108, ]
[-0000.0248, ]
[ 0000.3482, ]
[ 0000.0148, ]
[ 0000.0034, ]
[-0000.0010, ]
[ 0001.3410, ]
[ 0000.0303, ]
[-0000.0094, ]

[ 0010.0130,  0000.0068, -0000.0798,  0000.0258,  0000.0000,  0000.0000,  0000.0411,  0000.0000,  0000.0000, ]
[ 0000.0068,  0010.0076, -0000.0042,  0000.0022,  0000.0259,  0000.0000,  0000.0001,  0000.0560, -0000.0000, ]
[-0000.0798, -0000.0042,  0009.9221, -0000.0003,  0000.0000,  0000.0259, -0000.0000,  0000.0001,  0000.0560, ]
[ 0000.0258,  0000.0022, -0000.0003,  0010.1028, -0000.0000,  0000.0000,  0000.1644, -0000.0000,  0000.0000, ]
[ 0000.0000,  0000.0259,  0000.0000, -0000.0000,  0010.1035,  0000.0000, -0000.0000,  0000.2238, -0000.0000, ]
[ 0000.0000,  0000.0000,  0000.0259,  0000.0000,  0000.0000,  0010.1035,  0000.0000,  0000.0000,  0000.2238, ]
[ 0000.0411,  0000.0001, -0000.0000,  0000.1644, -0000.0000,  0000.0000,  0025.2632, -0000.0000,  0000.0000, ]
[ 0000.0000,  0000.0560,  0000.0001, -0000.0000,  0000.2238,  0000.0000, -0000.0000,  0029.9991, -0000.0000, ]
[ 0000.0000, -0000.0000,  0000.0560,  0000.0000, -0000.0000,  0000.2238,  0000.0000, -0000.0000,  0029.9991, ]

UPDATE
[-0000.0084, ]
[-0000.0169, ]
[ 0000.3458, ]
[ 0000.0240, ]
[ 0000.0347, ]
[-0000.0108, ]
[ 0002.2033, ]
[ 0000.0982, ]
[-0000.0305, ]

[ 0010.0129,  0000.0068, -0000.0798,  0000.0255,  0000.0000,  0000.0000,  0000.0173,  0000.0000,  0000.0000, ]
[ 0000.0068,  0010.0076, -0000.0042,  0000.0022,  0000.0256,  0000.0000,  0000.0000,  0000.0555, -0000.0000, ]
[-0000.0798, -0000.0042,  0009.9220, -0000.0003,  0000.0000,  0000.0256, -0000.0000,  0000.0001,  0000.0555, ]
[ 0000.0255,  0000.0022, -0000.0003,  0010.1017, -0000.0000,  0000.0000,  0000.0692, -0000.0000, -0000.0000, ]
[ 0000.0000,  0000.0256,  0000.0000, -0000.0000,  0010.1025,  0000.0000, -0000.0000,  0000.2218, -0000.0000, ]
[ 0000.0000,  0000.0000,  0000.0256,  0000.0000,  0000.0000,  0010.1025,  0000.0000,  0000.0000,  0000.2218, ]
[ 0000.0173,  0000.0000, -0000.0000,  0000.0692, -0000.0000,  0000.0000,  0016.4302, -0000.0000,  0000.0000, ]
[ 0000.0000,  0000.0555,  0000.0001, -0000.0000,  0000.2218,  0000.0000, -0000.0000,  0029.9946, -0000.0000, ]
[ 0000.0000, -0000.0000,  0000.0555, -0000.0000, -0000.0000,  0000.2218, -0000.0000, -0000.0000,  0029.9946, ]

PREDICT
[-0000.0859, ]
[ 0000.3140, ]
[ 0000.0207, ]
[ 0000.0244, ]
[ 0000.0045, ]
[-0000.0014, ]
[ 0002.2033, ]
[ 0000.0982, ]
[-0000.0305, ]

[ 0010.0380,  0000.0023, -0000.0018,  0000.0259,  0000.0000,  0000.0000,  0000.0450,  0000.0000,  0000.0001, ]
[ 0000.0023,  0009.6260, -0000.0190,  0000.0020,  0000.0263, -0000.0000,  0000.0000,  0000.0901, -0000.0003, ]
[-0000.0018, -0000.0190,  0010.0059,  0000.0000,  0000.0000,  0000.0263, -0000.0001, -0000.0000,  0000.0902, ]
[ 0000.0259,  0000.0020,  0000.0000,  0010.1030, -0000.0000,  0000.0000,  0000.1801, -0000.0000,  0000.0000, ]
[ 0000.0000,  0000.0263,  0000.0000, -0000.0000,  0010.1053, -0000.0000, -0000.0000,  0000.3603, -0000.0000, ]
[ 0000.0000, -0000.0000,  0000.0263,  0000.0000, -0000.0000,  0010.1053, -0000.0000, -0000.0000,  0000.3603, ]
[ 0000.0450,  0000.0000, -0000.0001,  0000.1801, -0000.0000, -0000.0000,  0026.4302, -0000.0000, -0000.0000, ]
[ 0000.0000,  0000.0901, -0000.0000, -0000.0000,  0000.3603, -0000.0000, -0000.0000,  0039.9946, -0000.0000, ]
[ 0000.0001, -0000.0003,  0000.0902,  0000.0000, -0000.0000,  0000.3603, -0000.0000, -0000.0000,  0039.9946, ]

UPDATE
[-0000.0849, ]
[ 0000.3219, ]
[ 0000.0183, ]
[ 0000.0285, ]
[ 0000.0363, ]
[-0000.0113, ]
[ 0002.5778, ]
[ 0000.2073, ]
[-0000.0644, ]

[ 0010.0379,  0000.0023, -0000.0018,  0000.0256,  0000.0000,  0000.0000,  0000.0182,  0000.0000,  0000.0001, ]
[ 0000.0023,  0009.6260, -0000.0190,  0000.0020,  0000.0261, -0000.0000,  0000.0000,  0000.0892, -0000.0003, ]
[-0000.0018, -0000.0190,  0010.0058,  0000.0000,  0000.0000,  0000.0261, -0000.0000, -0000.0000,  0000.0894, ]
[ 0000.0256,  0000.0020,  0000.0000,  0010.1018, -0000.0000,  0000.0000,  0000.0726, -0000.0000,  0000.0000, ]
[ 0000.0000,  0000.0261,  0000.0000, -0000.0000,  0010.1043, -0000.0000, -0000.0000,  0000.3569, -0000.0000, ]
[ 0000.0000, -0000.0000,  0000.0261,  0000.0000, -0000.0000,  0010.1043, -0000.0000, -0000.0000,  0000.3569, ]
[ 0000.0182,  0000.0000, -0000.0000,  0000.0726, -0000.0000, -0000.0000,  0016.6285, -0000.0000, -0000.0000, ]
[ 0000.0000,  0000.0892, -0000.0000, -0000.0000,  0000.3569, -0000.0000, -0000.0000,  0039.9831, -0000.0000, ]
[ 0000.0001, -0000.0003,  0000.0894,  0000.0000, -0000.0000,  0000.3569, -0000.0000, -0000.0000,  0039.9831, ]

PREDICT
[-0000.0476, ]
[-0000.0013, ]
[-0000.3108, ]
[ 0000.0286, ]
[ 0000.0057, ]
[-0000.0018, ]
[ 0002.5778, ]
[ 0000.2073, ]
[-0000.0644, ]

[ 0010.0322,  0000.0044,  0000.0276,  0000.0260, -0000.0000,  0000.0000,  0000.0458,  0000.0000,  0000.0003, ]
[ 0000.0044,  0010.0072,  0000.0179,  0000.0016,  0000.0268, -0000.0000, -0000.0000,  0000.1262, -0000.0006, ]
[ 0000.0276,  0000.0179,  0009.4790,  0000.0004,  0000.0000,  0000.0268,  0000.0000,  0000.0005,  0000.1271, ]
[ 0000.0260,  0000.0016,  0000.0004,  0010.1030, -0000.0000, -0000.0000,  0000.1829, -0000.0000, -0000.0000, ]
[-0000.0000,  0000.0268,  0000.0000, -0000.0000,  0010.1073, -0000.0000, -0000.0000,  0000.5065,  0000.0000, ]
[ 0000.0000, -0000.0000,  0000.0268, -0000.0000, -0000.0000,  0010.1073, -0000.0000, -0000.0000,  0000.5065, ]
[ 0000.0458, -0000.0000,  0000.0000,  0000.1829, -0000.0000, -0000.0000,  0026.6285, -0000.0000, -0000.0000, ]
[ 0000.0000,  0000.1262,  0000.0005, -0000.0000,  0000.5065, -0000.0000, -0000.0000,  0049.9831,  0000.0000, ]
[ 0000.0003, -0000.0006,  0000.1271, -0000.0000,  0000.0000,  0000.5065, -0000.0000,  0000.0000,  0049.9831, ]

UPDATE
[-0000.0471, ]
[ 0000.0068, ]
[-0000.3133, ]
[ 0000.0303, ]
[ 0000.0382, ]
[-0000.0119, ]
[ 0002.7296, ]
[ 0000.3606, ]
[-0000.1120, ]

[ 0010.0321,  0000.0044,  0000.0276,  0000.0257, -0000.0000,  0000.0000,  0000.0183,  0000.0000,  0000.0003, ]
[ 0000.0044,  0010.0071,  0000.0179,  0000.0016,  0000.0266, -0000.0000, -0000.0000,  0000.1250, -0000.0006, ]
[ 0000.0276,  0000.0179,  0009.4789,  0000.0004,  0000.0000,  0000.0266,  0000.0000,  0000.0005,  0000.1259, ]
[ 0000.0257,  0000.0016,  0000.0004,  0010.1018, -0000.0000, -0000.0000,  0000.0732, -0000.0000, -0000.0000, ]
[-0000.0000,  0000.0266,  0000.0000, -0000.0000,  0010.1063, -0000.0000, -0000.0000,  0000.5016,  0000.0000, ]
[ 0000.0000, -0000.0000,  0000.0266, -0000.0000, -0000.0000,  0010.1063, -0000.0000, -0000.0000,  0000.5016, ]
[ 0000.0183, -0000.0000,  0000.0000,  0000.0732, -0000.0000, -0000.0000,  0016.6606, -0000.0000, -0000.0000, ]
[ 0000.0000,  0000.1250,  0000.0005, -0000.0000,  0000.5016, -0000.0000, -0000.0000,  0049.9602,  0000.0000, ]
[ 0000.0003, -0000.0006,  0000.1259, -0000.0000,  0000.0000,  0000.5016, -0000.0000,  0000.0000,  0049.9602, ]

PREDICT
[ 0000.0378, ]
[-0000.3096, ]
[-0000.0199, ]
[ 0000.0303, ]
[ 0000.0074, ]
[-0000.0023, ]
[ 0002.7296, ]
[ 0000.3606, ]
[-0000.1120, ]

[ 0009.9754,  0000.1827,  0000.0124,  0000.0261,  0000.0000,  0000.0000,  0000.0459,  0000.0001,  0000.0005, ]
[ 0000.1827,  0009.4958, -0000.0413,  0000.0016,  0000.0274, -0000.0000, -0000.0000,  0000.1652, -0000.0006, ]
[ 0000.0124, -0000.0413,  0010.0039,  0000.0002,  0000.0000,  0000.0274,  0000.0000,  0000.0015,  0000.1660, ]
[ 0000.0261,  0000.0016,  0000.0002,  0010.1030, -0000.0000, -0000.0000,  0000.1833, -0000.0000, -0000.0000, ]
[ 0000.0000,  0000.0274,  0000.0000, -0000.0000,  0010.1095,  0000.0000,  0000.0000,  0000.6612,  0000.0000, ]
[ 0000.0000, -0000.0000,  0000.0274, -0000.0000,  0000.0000,  0010.1095,  0000.0000, -0000.0000,  0000.6612, ]
[ 0000.0459, -0000.0000,  0000.0000,  0000.1833,  0000.0000,  0000.0000,  0026.6606,  0000.0000, -0000.0000, ]
[ 0000.0001,  0000.1652,  0000.0015, -0000.0000,  0000.6612, -0000.0000,  0000.0000,  0059.9602,  0000.0000, ]
[ 0000.0005, -0000.0006,  0000.1660, -0000.0000,  0000.0000,  0000.6612, -0000.0000,  0000.0000,  0059.9602, ]

UPDATE
[ 0000.0380, ]
[-0000.3013, ]
[-0000.0225, ]
[ 0000.0310, ]
[ 0000.0406, ]
[-0000.0126, ]
[ 0002.7904, ]
[ 0000.5607, ]
[-0000.1741, ]

[ 0009.9753,  0000.1827,  0000.0124,  0000.0258,  0000.0000,  0000.0000,  0000.0184,  0000.0001,  0000.0005, ]
[ 0000.1827,  0009.4957, -0000.0413,  0000.0016,  0000.0271, -0000.0000, -0000.0000,  0000.1636, -0000.0006, ]
[ 0000.0124, -0000.0413,  0010.0038,  0000.0002,  0000.0000,  0000.0271,  0000.0000,  0000.0015,  0000.1644, ]
[ 0000.0258,  0000.0016,  0000.0002,  0010.1018, -0000.0000, -0000.0000,  0000.0733, -0000.0000, -0000.0000, ]
[ 0000.0000,  0000.0271,  0000.0000, -0000.0000,  0010.1085,  0000.0000,  0000.0000,  0000.6547,  0000.0000, ]
[ 0000.0000, -0000.0000,  0000.0271, -0000.0000,  0000.0000,  0010.1085,  0000.0000, -0000.0000,  0000.6547, ]
[ 0000.0184, -0000.0000,  0000.0000,  0000.0733,  0000.0000,  0000.0000,  0016.6657,  0000.0000, -0000.0000, ]
[ 0000.0001,  0000.1636,  0000.0015, -0000.0000,  0000.6547, -0000.0000,  0000.0000,  0059.9212,  0000.0000, ]
[ 0000.0005, -0000.0006,  0000.1644, -0000.0000,  0000.0000,  0000.6547, -0000.0000,  0000.0000,  0059.9212, ]

PREDICT
[-0000.0036, ]
[-0000.0491, ]
[ 0000.3102, ]
[ 0000.0310, ]
[ 0000.0097, ]
[-0000.0030, ]
[ 0002.7904, ]
[ 0000.5607, ]
[-0000.1741, ]

[ 0010.0153,  0000.0207, -0000.1166,  0000.0262,  0000.0000,  0000.0000,  0000.0459,  0000.0001,  0000.0008, ]
[ 0000.0207,  0010.0056,  0000.0458,  0000.0013,  0000.0280, -0000.0000,  0000.0000,  0000.2066, -0000.0007, ]
[-0000.1166,  0000.0458,  0009.5053, -0000.0004,  0000.0000,  0000.0280, -0000.0001,  0000.0013,  0000.2070, ]
[ 0000.0262,  0000.0013, -0000.0004,  0010.1030, -0000.0000, -0000.0000,  0000.1834, -0000.0000, -0000.0000, ]
[ 0000.0000,  0000.0280,  0000.0000, -0000.0000,  0010.1120, -0000.0000,  0000.0000,  0000.8239, -0000.0000, ]
[ 0000.0000, -0000.0000,  0000.0280, -0000.0000, -0000.0000,  0010.1120, -0000.0000, -0000.0000,  0000.8239, ]
[ 0000.0459,  0000.0000, -0000.0001,  0000.1834,  0000.0000, -0000.0000,  0026.6657,  0000.0000, -0000.0000, ]
[ 0000.0001,  0000.2066,  0000.0013, -0000.0000,  0000.8239, -0000.0000,  0000.0000,  0069.9212, -0000.0000, ]
[ 0000.0008, -0000.0007,  0000.2070, -0000.0000, -0000.0000,  0000.8239, -0000.0000, -0000.0000,  0069.9212, ]

UPDATE
[-0000.0036, ]
[-0000.0407, ]
[ 0000.3076, ]
[ 0000.0313, ]
[ 0000.0435, ]
[-0000.0135, ]
[ 0002.8148, ]
[ 0000.8097, ]
[-0000.2514, ]

[ 0010.0152,  0000.0207, -0000.1166,  0000.0259,  0000.0000,  0000.0000,  0000.0184,  0000.0001,  0000.0008, ]
[ 0000.0207,  0010.0056,  0000.0458,  0000.0013,  0000.0277, -0000.0000,  0000.0000,  0000.2046, -0000.0007, ]
[-0000.1166,  0000.0458,  0009.5052, -0000.0004,  0000.0000,  0000.0277, -0000.0000,  0000.0013,  0000.2049, ]
[ 0000.0259,  0000.0013, -0000.0004,  0010.1018, -0000.0000, -0000.0000,  0000.0734, -0000.0000, -0000.0000, ]
[ 0000.0000,  0000.0277,  0000.0000, -0000.0000,  0010.1109, -0000.0000,  0000.0000,  0000.8157, -0000.0000, ]
[ 0000.0000, -0000.0000,  0000.0277, -0000.0000, -0000.0000,  0010.1109, -0000.0000, -0000.0000,  0000.8157, ]
[ 0000.0184,  0000.0000, -0000.0000,  0000.0734,  0000.0000, -0000.0000,  0016.6665,  0000.0000, -0000.0000, ]
[ 0000.0001,  0000.2046,  0000.0013, -0000.0000,  0000.8157, -0000.0000,  0000.0000,  0069.8608, -0000.0000, ]
[ 0000.0008, -0000.0007,  0000.2049, -0000.0000, -0000.0000,  0000.8157, -0000.0000, -0000.0000,  0069.8608, ]

PREDICT
[-0000.1467, ]
[ 0000.2696, ]
[ 0000.0490, ]
[ 0000.0313, ]
[ 0000.0124, ]
[-0000.0039, ]
[ 0002.8148, ]
[ 0000.8097, ]
[-0000.2514, ]

[ 0010.0003,  0000.1476,  0000.0161,  0000.0264,  0000.0000,  0000.0000,  0000.0460,  0000.0001,  0000.0014, ]
[ 0000.1476,  0009.5160, -0000.0720,  0000.0015,  0000.0287, -0000.0000, -0000.0000,  0000.2485, -0000.0020, ]
[ 0000.0161, -0000.0720,  0009.9977, -0000.0000, -0000.0000,  0000.0287, -0000.0001, -0000.0003,  0000.2495, ]
[ 0000.0264,  0000.0015, -0000.0000,  0010.1030, -0000.0000, -0000.0000,  0000.1834, -0000.0000, -0000.0000, ]
[ 0000.0000,  0000.0287, -0000.0000, -0000.0000,  0010.1147,  0000.0000,  0000.0000,  0000.9943,  0000.0000, ]
[ 0000.0000, -0000.0000,  0000.0287, -0000.0000,  0000.0000,  0010.1147, -0000.0000, -0000.0000,  0000.9943, ]
[ 0000.0460, -0000.0000, -0000.0001,  0000.1834,  0000.0000, -0000.0000,  0026.6665,  0000.0000, -0000.0000, ]
[ 0000.0001,  0000.2485, -0000.0003, -0000.0000,  0000.9943, -0000.0000,  0000.0000,  0079.8608, -0000.0000, ]
[ 0000.0014, -0000.0020,  0000.2495, -0000.0000,  0000.0000,  0000.9943, -0000.0000, -0000.0000,  0079.8608, ]

UPDATE
[-0000.1467, ]
[ 0000.2782, ]
[ 0000.0463, ]
[ 0000.0314, ]
[ 0000.0471, ]
[-0000.0146, ]
[ 0002.8245, ]
[ 0001.1099, ]
[-0000.3446, ]

[ 0010.0002,  0000.1476,  0000.0161,  0000.0261,  0000.0000,  0000.0000,  0000.0184,  0000.0001,  0000.0014, ]
[ 0000.1476,  0009.5159, -0000.0720,  0000.0015,  0000.0284, -0000.0000, -0000.0000,  0000.2459, -0000.0020, ]
[ 0000.0161, -0000.0720,  0009.9976, -0000.0000, -0000.0000,  0000.0284, -0000.0000, -0000.0003,  0000.2469, ]
[ 0000.0261,  0000.0015, -0000.0000,  0010.1018, -0000.0000,  0000.0000,  0000.0734, -0000.0000, -0000.0000, ]
[ 0000.0000,  0000.0284, -0000.0000, -0000.0000,  0010.1135,  0000.0000,  0000.0000,  0000.9842,  0000.0000, ]
[ 0000.0000, -0000.0000,  0000.0284,  0000.0000,  0000.0000,  0010.1135, -0000.0000, -0000.0000,  0000.9842, ]
[ 0000.0184, -0000.0000, -0000.0000,  0000.0734,  0000.0000, -0000.0000,  0016.6666,  0000.0000, -0000.0000, ]
[ 0000.0001,  0000.2459, -0000.0003, -0000.0000,  0000.9842, -0000.0000,  0000.0000,  0079.7727, -0000.0000, ]
[ 0000.0014, -0000.0020,  0000.2469, -0000.0000,  0000.0000,  0000.9842, -0000.0000, -0000.0000,  0079.7727, ]

PREDICT
[-0000.0771, ]
[-0000.0001, ]
[-0000.2941, ]
[ 0000.0314, ]
[ 0000.0158, ]
[-0000.0049, ]
[ 0002.8245, ]
[ 0001.1099, ]
[-0000.3446, ]

[ 0010.0208,  0000.0160, -0000.0696,  0000.0265,  0000.0000,  0000.0001,  0000.0460,  0000.0008,  0000.0025, ]
[ 0000.0160,  0010.0088,  0000.0496,  0000.0016,  0000.0294, -0000.0001, -0000.0001,  0000.2911, -0000.0026, ]
[-0000.0696,  0000.0496,  0009.3525,  0000.0009,  0000.0000,  0000.0294,  0000.0000,  0000.0015,  0000.2948, ]
[ 0000.0265,  0000.0016,  0000.0009,  0010.1030, -0000.0000, -0000.0000,  0000.1834, -0000.0000, -0000.0000, ]
[ 0000.0000,  0000.0294,  0000.0000, -0000.0000,  0010.1176, -0000.0000,  0000.0000,  0001.1722,  0000.0000, ]
[ 0000.0001, -0000.0001,  0000.0294, -0000.0000, -0000.0000,  0010.1176, -0000.0000, -0000.0000,  0001.1722, ]
[ 0000.0460, -0000.0001,  0000.0000,  0000.1834,  0000.0000, -0000.0000,  0026.6666,  0000.0000, -0000.0000, ]
[ 0000.0008,  0000.2911,  0000.0015, -0000.0000,  0001.1722, -0000.0000,  0000.0000,  0089.7727, -0000.0000, ]
[ 0000.0025, -0000.0026,  0000.2948, -0000.0000,  0000.0000,  0001.1722, -0000.0000, -0000.0000,  0089.7727, ]

UPDATE
[-0000.0771, ]
[ 0000.0088, ]
[-0000.2969, ]
[ 0000.0314, ]
[ 0000.0513, ]
[-0000.0159, ]
[ 0002.8284, ]
[ 0001.4634, ]
[-0000.4543, ]

[ 0010.0207,  0000.0160, -0000.0696,  0000.0262,  0000.0000,  0000.0001,  0000.0184,  0000.0008,  0000.0025, ]
[ 0000.0160,  0010.0087,  0000.0496,  0000.0016,  0000.0290, -0000.0001, -0000.0000,  0000.2881, -0000.0026, ]
[-0000.0696,  0000.0496,  0009.3524,  0000.0009,  0000.0000,  0000.0291,  0000.0000,  0000.0015,  0000.2917, ]
[ 0000.0262,  0000.0016,  0000.0009,  0010.1018, -0000.0000, -0000.0000,  0000.0734, -0000.0000, -0000.0000, ]
[ 0000.0000,  0000.0290,  0000.0000, -0000.0000,  0010.1163, -0000.0000,  0000.0000,  0001.1599,  0000.0000, ]
[ 0000.0001, -0000.0001,  0000.0291, -0000.0000, -0000.0000,  0010.1163, -0000.0000, -0000.0000,  0001.1599, ]
[ 0000.0184, -0000.0000,  0000.0000,  0000.0734,  0000.0000, -0000.0000,  0016.6667,  0000.0000, -0000.0000, ]
[ 0000.0008,  0000.2881,  0000.0015, -0000.0000,  0001.1599, -0000.0000,  0000.0000,  0089.6503, -0000.0000, ]
[ 0000.0025, -0000.0026,  0000.2917, -0000.0000,  0000.0000,  0001.1599, -0000.0000, -0000.0000,  0089.6503, ]

PREDICT
[ 0000.1263, ]
[-0000.2699, ]
[-0000.0455, ]
[ 0000.0314, ]
[ 0000.0198, ]
[-0000.0061, ]
[ 0002.8284, ]
[ 0001.4634, ]
[-0000.4543, ]

[ 0009.8057,  0000.3330,  0000.0660,  0000.0268,  0000.0000,  0000.0001,  0000.0461,  0000.0010,  0000.0034, ]
[ 0000.3330,  0009.5434, -0000.1031,  0000.0016,  0000.0302, -0000.0000, -0000.0000,  0000.3387, -0000.0016, ]
[ 0000.0660, -0000.1031,  0009.9867,  0000.0002,  0000.0001,  0000.0302,  0000.0000,  0000.0048,  0000.3419, ]
[ 0000.0268,  0000.0016,  0000.0002,  0010.1030, -0000.0000, -0000.0000,  0000.1834, -0000.0000, -0000.0000, ]
[ 0000.0000,  0000.0302,  0000.0001, -0000.0000,  0010.1207,  0000.0000,  0000.0000,  0001.3573,  0000.0000, ]
[ 0000.0001, -0000.0000,  0000.0302, -0000.0000,  0000.0000,  0010.1207, -0000.0000, -0000.0000,  0001.3572, ]
[ 0000.0461, -0000.0000,  0000.0000,  0000.1834,  0000.0000, -0000.0000,  0026.6667,  0000.0000, -0000.0000, ]
[ 0000.0010,  0000.3387,  0000.0048, -0000.0000,  0001.3573, -0000.0000,  0000.0000,  0099.6503,  0000.0000, ]
[ 0000.0034, -0000.0016,  0000.3419, -0000.0000,  0000.0000,  0001.3572, -0000.0000,  0000.0000,  0099.6503, ]

UPDATE
[ 0000.1263, ]
[-0000.2608, ]
[-0000.0483, ]
[ 0000.0314, ]
[ 0000.0561, ]
[-0000.0174, ]
[ 0002.8300, ]
[ 0001.8721, ]
[-0000.5812, ]

[ 0009.8056,  0000.3330,  0000.0660,  0000.0265,  0000.0000,  0000.0001,  0000.0184,  0000.0010,  0000.0034, ]
[ 0000.3330,  0009.5433, -0000.1031,  0000.0016,  0000.0298, -0000.0000, -0000.0000,  0000.3351, -0000.0016, ]
[ 0000.0660, -0000.1031,  0009.9866,  0000.0002,  0000.0001,  0000.0299,  0000.0000,  0000.0048,  0000.3383, ]
[ 0000.0265,  0000.0016,  0000.0002,  0010.1018, -0000.0000, -0000.0000,  0000.0734, -0000.0000, -0000.0000, ]
[ 0000.0000,  0000.0298,  0000.0001, -0000.0000,  0010.1194,  0000.0000,  0000.0000,  0001.3427,  0000.0000, ]
[ 0000.0001, -0000.0000,  0000.0299, -0000.0000,  0000.0000,  0010.1194, -0000.0000, -0000.0000,  0001.3427, ]
[ 0000.0184, -0000.0000,  0000.0000,  0000.0734,  0000.0000, -0000.0000,  0016.6667,  0000.0000, -0000.0000, ]
[ 0000.0010,  0000.3351,  0000.0048, -0000.0000,  0001.3427, -0000.0000,  0000.0000,  0099.4863,  0000.0000, ]
[ 0000.0034, -0000.0016,  0000.3383, -0000.0000,  0000.0000,  0001.3427, -0000.0000,  0000.0000,  0099.4863, ]

PREDICT
[ 0000.0646, ]
[-0000.0496, ]
[ 0000.2874, ]
[ 0000.0314, ]
[ 0000.0243, ]
[-0000.0076, ]
[ 0002.8300, ]
[ 0001.8721, ]
[-0000.5812, ]

[ 0009.9418,  0000.0271, -0000.2265,  0000.0272, -0000.0000,  0000.0001,  0000.0461, -0000.0004,  0000.0035, ]
[ 0000.0271,  0010.0166,  0000.0359,  0000.0013,  0000.0310, -0000.0000, -0000.0000,  0000.3889, -0000.0011, ]
[-0000.2265,  0000.0359,  0009.3904, -0000.0012,  0000.0001,  0000.0310, -0000.0002,  0000.0030,  0000.3900, ]
[ 0000.0272,  0000.0013, -0000.0012,  0010.1030, -0000.0000, -0000.0000,  0000.1834, -0000.0000, -0000.0000, ]
[-0000.0000,  0000.0310,  0000.0001, -0000.0000,  0010.1240, -0000.0000,  0000.0000,  0001.5494, -0000.0000, ]
[ 0000.0001, -0000.0000,  0000.0310, -0000.0000, -0000.0000,  0010.1240, -0000.0000, -0000.0000,  0001.5494, ]
[ 0000.0461, -0000.0000, -0000.0002,  0000.1834,  0000.0000, -0000.0000,  0026.6667,  0000.0001, -0000.0001, ]
[-0000.0004,  0000.3889,  0000.0030, -0000.0000,  0001.5494, -0000.0000,  0000.0001,  0109.4863, -0000.0002, ]
[ 0000.0035, -0000.0011,  0000.3900, -0000.0000, -0000.0000,  0001.5494, -0000.0001, -0000.0002,  0109.4863, ]

UPDATE
[ 0000.0646, ]
[-0000.0402, ]
[ 0000.2845, ]
[ 0000.0315, ]
[ 0000.0616, ]
[-0000.0191, ]
[ 0002.8306, ]
[ 0002.3379, ]
[-0000.7258, ]

[ 0009.9417,  0000.0271, -0000.2265,  0000.0269, -0000.0000,  0000.0001,  0000.0184, -0000.0004,  0000.0035, ]
[ 0000.0271,  0010.0165,  0000.0359,  0000.0013,  0000.0307, -0000.0000, -0000.0000,  0000.3847, -0000.0011, ]
[-0000.2265,  0000.0359,  0009.3904, -0000.0012,  0000.0001,  0000.0307, -0000.0001,  0000.0030,  0000.3857, ]
[ 0000.0269,  0000.0013, -0000.0012,  0010.1018, -0000.0000, -0000.0000,  0000.0734, -0000.0000, -0000.0000, ]
[-0000.0000,  0000.0307,  0000.0001, -0000.0000,  0010.1226, -0000.0000,  0000.0000,  0001.5323, -0000.0000, ]
[ 0000.0001, -0000.0000,  0000.0307, -0000.0000, -0000.0000,  0010.1226, -0000.0000, -0000.0000,  0001.5323, ]
[ 0000.0184, -0000.0000, -0000.0001,  0000.0734,  0000.0000, -0000.0000,  0016.6667,  0000.0000, -0000.0000, ]
[-0000.0004,  0000.3847,  0000.0030, -0000.0000,  0001.5323, -0000.0000,  0000.0000,  0109.2726, -0000.0002, ]
[ 0000.0035, -0000.0011,  0000.3857, -0000.0000, -0000.0000,  0001.5323, -0000.0000, -0000.0002,  0109.2726, ]

