INITIAL
[ 0000.0000, ]
[ 0000.0000, ]
[ 0000.0000, ]
[ 0000.0000, ]
[ 0000.0000, ]
[ 0000.0000, ]
[ 0000.0000, ]
[ 0000.0000, ]
[ 0000.0000, ]

[ 0010.0000,  0000.0000,  0000.0000,  0000.0000,  0000.0000,  0000.0000,  0000.0000,  0000.0000,  0000.0000, ]
[ 0000.0000,  0010.0000,  0000.0000,  0000.0000,  0000.0000,  0000.0000,  0000.0000,  0000.0000,  0000.0000, ]
[ 0000.0000,  0000.0000,  0010.0000,  0000.0000,  0000.0000,  0000.0000,  0000.0000,  0000.0000,  0000.0000, ]
[ 0000.0000,  0000.0000,  0000.0000,  0010.0000,  0000.0000,  0000.0000,  0000.0000,  0000.0000,  0000.0000, ]
[ 0000.0000,  0000.0000,  0000.0000,  0000.0000,  0010.0000,  0000.0000,  0000.0000,  0000.0000,  0000.0000, ]
[ 0000.0000,  0000.0000,  0000.0000,  0000.0000,  0000.0000,  0010.0000,  0000.0000,  0000.0000,  0000.0000, ]
[ 0000.0000,  0000.0000,  0000.0000,  0000.0000,  0000.0000,  0000.0000,  0010.0000,  0000.0000,  0000.0000, ]
[ 0000.0000,  0000.0000,  0000.0000,  0000.0000,  0000.0000,  0000.0000,  0000.0000,  0010.0000,  0000.0000, ]
[ 0000.0000,  0000.0000,  0000.0000,  0000.0000,  0000.0000,  0000.0000,  0000.0000,  0000.0000,  0010.0000, ]

Time Elapsed: 0.100000s
PREDICT
[-0000.0507, ]
[ 0000.3705, ]
[ 0000.0000, ]
[ 0000.0000, ]
[ 0000.0000, ]
[ 0000.0000, ]
[ 0000.0000, ]
[ 0000.0000, ]
[ 0000.0000, ]

[ 0010.0160, -0000.0694, -0000.0000, -0000.2502, -0000.0000, -0000.0000, -0000.0250,  0000.0000,  0000.0000, ]
[-0000.0694,  0010.5079, -0000.0000, -0000.0342, -0000.2525, -0000.0000,  0000.0000, -0000.0250,  0000.0000, ]
[-0000.0000, -0000.0000,  0010.0063,  0000.0000,  0000.0000, -0000.2525,  0000.0000,  0000.0000, -0000.0250, ]
[-0000.2502, -0000.0342,  0000.0000,  0020.1000,  0000.0000,  0000.0000,  0001.0000,  0000.0000,  0000.0000, ]
[-0000.0000, -0000.2525,  0000.0000,  0000.0000,  0020.1000,  0000.0000,  0000.0000,  0001.0000,  0000.0000, ]
[-0000.0000, -0000.0000, -0000.2525,  0000.0000,  0000.0000,  0020.1000,  0000.0000,  0000.0000,  0001.0000, ]
[-0000.0250,  0000.0000,  0000.0000,  0001.0000,  0000.0000,  0000.0000,  0020.0000,  0000.0000,  0000.0000, ]
[ 0000.0000, -0000.0250,  0000.0000,  0000.0000,  0001.0000,  0000.0000,  0000.0000,  0020.0000,  0000.0000, ]
[ 0000.0000,  0000.0000, -0000.0250,  0000.0000,  0000.0000,  0001.0000,  0000.0000,  0000.0000,  0020.0000, ]

UPDATE
[-0000.0625, ]
[ 0000.3689, ]
[ 0000.0000, ]
[ 0000.4762, ]
[ 0000.0000, ]
[ 0000.0000, ]
[ 0000.0471, ]
[ 0000.0000, ]
[ 0000.0000, ]

[ 0010.0131, -0000.0698, -0000.0000, -0000.1310, -0000.0000, -0000.0000, -0000.0132,  0000.0000,  0000.0000, ]
[-0000.0698,  0010.5048, -0000.0000, -0000.0179, -0000.1323, -0000.0000,  0000.0016, -0000.0131,  0000.0000, ]
[-0000.0000, -0000.0000,  0010.0033,  0000.0000,  0000.0000, -0000.1323,  0000.0000,  0000.0000, -0000.0131, ]
[-0000.1310, -0000.0179,  0000.0000,  0015.2907,  0000.0000,  0000.0000,  0000.5238,  0000.0000,  0000.0000, ]
[-0000.0000, -0000.1323,  0000.0000,  0000.0000,  0015.2907,  0000.0000,  0000.0000,  0000.5238,  0000.0000, ]
[-0000.0000, -0000.0000, -0000.1323,  0000.0000,  0000.0000,  0015.2907,  0000.0000,  0000.0000,  0000.5238, ]
[-0000.0132,  0000.0016,  0000.0000,  0000.5238,  0000.0000,  0000.0000,  0019.9529,  0000.0000,  0000.0000, ]
[ 0000.0000, -0000.0131,  0000.0000,  0000.0000,  0000.5238,  0000.0000,  0000.0000,  0019.9529,  0000.0000, ]
[ 0000.0000,  0000.0000, -0000.0131,  0000.0000,  0000.0000,  0000.5238,  0000.0000,  0000.0000,  0019.9529, ]

Time Elapsed: 0.200000s
PREDICT
[-0000.0119, ]
[ 0000.0185, ]
[-0000.2435, ]
[ 0000.4809, ]
[-0000.0000, ]
[ 0000.0000, ]
[ 0000.0471, ]
[ 0000.0000, ]
[-0000.0000, ]

[ 0010.0089,  0000.0096, -0000.1246, -0000.3904,  0000.0005,  0000.0004, -0000.0778,  0000.0000,  0000.0000, ]
[ 0000.0096,  0010.0057,  0000.0696, -0000.0149, -0000.3925, -0000.0002,  0000.0008, -0000.0778, -0000.0001, ]
[-0000.1246,  0000.0696,  0008.9370,  0000.0036,  0000.0012, -0000.3926, -0000.0001,  0000.0001, -0000.0778, ]
[-0000.3904, -0000.0149,  0000.0036,  0025.7326, -0000.0002,  0000.0000,  0003.1171, -0000.0000, -0000.0000, ]
[ 0000.0005, -0000.3925,  0000.0012, -0000.0002,  0025.7326, -0000.0000,  0000.0000,  0003.1171,  0000.0000, ]
[ 0000.0004, -0000.0002, -0000.3926,  0000.0000, -0000.0000,  0025.7326,  0000.0000, -0000.0000,  0003.1171, ]
[-0000.0778,  0000.0008, -0000.0001,  0003.1171,  0000.0000,  0000.0000,  0029.9529,  0000.0000, -0000.0000, ]
[ 0000.0000, -0000.0778,  0000.0001, -0000.0000,  0003.1171, -0000.0000,  0000.0000,  0029.9529,  0000.0000, ]
[ 0000.0000, -0000.0001, -0000.0778, -0000.0000,  0000.0000,  0003.1171, -0000.0000,  0000.0000,  0029.9529, ]

UPDATE
[-0000.0195, ]
[ 0000.0182, ]
[-0000.2434, ]
[ 0000.7851, ]
[-0000.0000, ]
[ 0000.0000, ]
[ 0000.1074, ]
[-0000.0000, ]
[-0000.0000, ]

[ 0010.0032,  0000.0094, -0000.1245, -0000.1616,  0000.0002,  0000.0002, -0000.0325, -0000.0000, -0000.0000, ]
[ 0000.0094,  0010.0000,  0000.0696, -0000.0061, -0000.1625, -0000.0001,  0000.0025, -0000.0322, -0000.0000, ]
[-0000.1245,  0000.0696,  0008.9312,  0000.0015,  0000.0005, -0000.1625, -0000.0005, -0000.0000, -0000.0322, ]
[-0000.1616, -0000.0062,  0000.0015,  0016.5120, -0000.0000,  0000.0000,  0001.2902, -0000.0000, -0000.0000, ]
[ 0000.0002, -0000.1625,  0000.0005, -0000.0001,  0016.5120, -0000.0000,  0000.0000,  0001.2902,  0000.0000, ]
[ 0000.0002, -0000.0001, -0000.1625,  0000.0000, -0000.0000,  0016.5120,  0000.0000, -0000.0000,  0001.2902, ]
[-0000.0325,  0000.0025, -0000.0005,  0001.2902,  0000.0000,  0000.0000,  0029.5909, -0000.0000, -0000.0000, ]
[-0000.0000, -0000.0322, -0000.0000, -0000.0000,  0001.2902,  0000.0000, -0000.0000,  0029.5909, -0000.0000, ]
[-0000.0000, -0000.0000, -0000.0322, -0000.0000,  0000.0000,  0001.2902, -0000.0000, -0000.0000,  0029.5909, ]

Time Elapsed: 0.300000s
PREDICT
[-0000.0140, ]
[-0000.1380, ]
[-0000.0120, ]
[ 0000.7959, ]
[-0000.0000, ]
[-0000.0000, ]
[ 0000.1074, ]
[-0000.0000, ]
[ 0000.0000, ]

[ 0010.0144, -0000.0335, -0000.0028, -0000.4385,  0000.0000,  0000.0009, -0000.1494,  0000.0000,  0000.0001, ]
[-0000.0335,  0009.2847, -0000.0649,  0000.0091, -0000.4377, -0000.0021,  0000.0068, -0000.1493, -0000.0005, ]
[-0000.0028, -0000.0649,  0010.0061, -0000.0018,  0000.0013, -0000.4358, -0000.0007,  0000.0003, -0000.1488, ]
[-0000.4385,  0000.0091, -0000.0018,  0027.5114, -0000.0003, -0000.0000,  0005.9730, -0000.0001, -0000.0000, ]
[ 0000.0000, -0000.4377,  0000.0013, -0000.0003,  0027.5114,  0000.0000,  0000.0001,  0005.9730,  0000.0000, ]
[ 0000.0009, -0000.0021, -0000.4358, -0000.0000,  0000.0000,  0027.5114, -0000.0000,  0000.0000,  0005.9729, ]
[-0000.1494,  0000.0068, -0000.0007,  0005.9730,  0000.0001, -0000.0000,  0039.5909, -0000.0000, -0000.0000, ]
[ 0000.0000, -0000.1493,  0000.0003, -0000.0001,  0005.9730,  0000.0000, -0000.0000,  0039.5909,  0000.0000, ]
[ 0000.0001, -0000.0005, -0000.1488, -0000.0000,  0000.0000,  0005.9729, -0000.0000,  0000.0000,  0039.5909, ]

UPDATE
[-0000.0172, ]
[-0000.1380, ]
[-0000.0120, ]
[ 0000.9208, ]
[-0000.0000, ]
[-0000.0000, ]
[ 0000.1500, ]
[ 0000.0000, ]
[-0000.0000, ]

[ 0010.0076, -0000.0334, -0000.0028, -0000.1702,  0000.0000,  0000.0004, -0000.0579,  0000.0000, -0000.0001, ]
[-0000.0334,  0009.2780, -0000.0649,  0000.0035, -0000.1699, -0000.0008,  0000.0049, -0000.0580, -0000.0001, ]
[-0000.0028, -0000.0649,  0009.9995, -0000.0007,  0000.0005, -0000.1692, -0000.0003,  0000.0000, -0000.0578, ]
[-0000.1702,  0000.0035, -0000.0007,  0016.7978, -0000.0000, -0000.0000,  0002.3187, -0000.0000, -0000.0000, ]
[ 0000.0000, -0000.1699,  0000.0005, -0000.0002,  0016.7978,  0000.0000,  0000.0000,  0002.3187,  0000.0000, ]
[ 0000.0004, -0000.0008, -0000.1692, -0000.0000,  0000.0000,  0016.7978, -0000.0000,  0000.0000,  0002.3187, ]
[-0000.0579,  0000.0049, -0000.0003,  0002.3187,  0000.0001, -0000.0000,  0038.3444, -0000.0000,  0000.0000, ]
[ 0000.0000, -0000.0580,  0000.0000, -0000.0000,  0002.3187, -0000.0000, -0000.0000,  0038.3444, -0000.0000, ]
[-0000.0001, -0000.0001, -0000.0578, -0000.0000,  0000.0000,  0002.3187,  0000.0000,  0000.0000,  0038.3445, ]

Time Elapsed: 0.400000s
PREDICT
[ 0000.0190, ]
[-0000.0320, ]
[ 0000.2641, ]
[ 0000.9358, ]
[-0000.0000, ]
[-0000.0000, ]
[ 0000.1500, ]
[ 0000.0000, ]
[-0000.0000, ]

[ 0010.0262, -0000.0035, -0000.0126, -0000.4690, -0000.0003,  0000.0009, -0000.2416, -0000.0001,  0000.0003, ]
[-0000.0035,  0010.0085,  0000.0616,  0000.0246, -0000.4672, -0000.0026,  0000.0183, -0000.2413, -0000.0012, ]
[-0000.0126,  0000.0616,  0009.2699, -0000.0005,  0000.0034, -0000.4641, -0000.0006,  0000.0014, -0000.2398, ]
[-0000.4690,  0000.0246, -0000.0005,  0028.6623, -0000.0002, -0000.0000,  0009.6405, -0000.0001, -0000.0000, ]
[-0000.0003, -0000.4672,  0000.0034, -0000.0002,  0028.6623,  0000.0000,  0000.0003,  0009.6404,  0000.0000, ]
[ 0000.0009, -0000.0026, -0000.4641, -0000.0000,  0000.0000,  0028.6623, -0000.0000, -0000.0000,  0009.6404, ]
[-0000.2416,  0000.0183, -0000.0006,  0009.6405,  0000.0003, -0000.0000,  0048.3444, -0000.0001,  0000.0000, ]
[-0000.0001, -0000.2413,  0000.0014, -0000.0001,  0009.6404, -0000.0000, -0000.0001,  0048.3444, -0000.0000, ]
[ 0000.0003, -0000.0012, -0000.2398, -0000.0000,  0000.0000,  0009.6404,  0000.0000, -0000.0000,  0048.3445, ]

UPDATE
[ 0000.0180, ]
[-0000.0319, ]
[ 0000.2641, ]
[ 0000.9760, ]
[-0000.0000, ]
[-0000.0000, ]
[ 0000.1708, ]
[ 0000.0000, ]
[-0000.0000, ]

[ 0010.0188, -0000.0031, -0000.0126, -0000.1750, -0000.0001,  0000.0003, -0000.0897,  0000.0000, -0000.0000, ]
[-0000.0031,  0010.0011,  0000.0616,  0000.0092, -0000.1743, -0000.0010,  0000.0103, -0000.0900, -0000.0003, ]
[-0000.0126,  0000.0616,  0009.2627, -0000.0002,  0000.0013, -0000.1732, -0000.0005,  0000.0003, -0000.0896, ]
[-0000.1750,  0000.0092, -0000.0002,  0016.9646, -0000.0000, -0000.0000,  0003.5977, -0000.0000, -0000.0000, ]
[-0000.0001, -0000.1743,  0000.0013, -0000.0001,  0016.9646,  0000.0000,  0000.0001,  0003.5977,  0000.0000, ]
[ 0000.0003, -0000.0010, -0000.1732, -0000.0000,  0000.0000,  0016.9646, -0000.0000, -0000.0000,  0003.5977, ]
[-0000.0897,  0000.0103, -0000.0005,  0003.5977,  0000.0002, -0000.0000,  0045.2229, -0000.0002,  0000.0000, ]
[ 0000.0000, -0000.0900,  0000.0003, -0000.0001,  0003.5977, -0000.0000, -0000.0002,  0045.2230,  0000.0000, ]
[-0000.0000, -0000.0003, -0000.0896, -0000.0000,  0000.0000,  0003.5977,  0000.0000,  0000.0000,  0045.2230, ]

Time Elapsed: 0.500000s
PREDICT
[ 0000.0087, ]
[-0000.0552, ]
[-0000.0062, ]
[ 0000.9931, ]
[-0000.0000, ]
[-0000.0000, ]
[ 0000.1708, ]
[ 0000.0000, ]
[-0000.0000, ]

[ 0010.0475, -0000.1584, -0000.0175, -0000.5037,  0000.0000,  0000.0011, -0000.3494,  0000.0000,  0000.0005, ]
[-0000.1584,  0010.4073,  0000.0434,  0000.0296, -0000.5018, -0000.0021,  0000.0276, -0000.3487, -0000.0017, ]
[-0000.0175,  0000.0434,  0010.0189,  0000.0029,  0000.0058, -0000.4989,  0000.0020,  0000.0037, -0000.3467, ]
[-0000.5037,  0000.0296,  0000.0029,  0030.0632,  0000.0000, -0000.0000,  0013.9422, -0000.0001, -0000.0000, ]
[ 0000.0000, -0000.5018,  0000.0058,  0000.0000,  0030.0632,  0000.0000,  0000.0006,  0013.9422,  0000.0000, ]
[ 0000.0011, -0000.0021, -0000.4989, -0000.0000,  0000.0000,  0030.0632, -0000.0000, -0000.0000,  0013.9421, ]
[-0000.3494,  0000.0276,  0000.0020,  0013.9422,  0000.0006, -0000.0000,  0055.2229, -0000.0004,  0000.0000, ]
[ 0000.0000, -0000.3487,  0000.0037, -0000.0001,  0013.9422, -0000.0000, -0000.0004,  0055.2230,  0000.0000, ]
[ 0000.0005, -0000.0017, -0000.3467, -0000.0000,  0000.0000,  0013.9421,  0000.0000,  0000.0000,  0055.2230, ]

UPDATE
[ 0000.0086, ]
[-0000.0552, ]
[-0000.0062, ]
[ 0000.9975, ]
[-0000.0000, ]
[-0000.0000, ]
[ 0000.1739, ]
[ 0000.0000, ]
[-0000.0000, ]

[ 0010.0394, -0000.1579, -0000.0174, -0000.1795,  0000.0000,  0000.0004, -0000.1241,  0000.0000,  0000.0000, ]
[-0000.1579,  0010.3992,  0000.0435,  0000.0106, -0000.1788, -0000.0008,  0000.0144, -0000.1243, -0000.0007, ]
[-0000.0174,  0000.0435,  0010.0109,  0000.0010,  0000.0021, -0000.1778,  0000.0007,  0000.0011, -0000.1235, ]
[-0000.1795,  0000.0106,  0000.0010,  0017.1509,  0000.0000, -0000.0000,  0004.9693, -0000.0000, -0000.0000, ]
[ 0000.0000, -0000.1788,  0000.0021,  0000.0000,  0017.1509,  0000.0000,  0000.0002,  0004.9692,  0000.0000, ]
[ 0000.0004, -0000.0008, -0000.1778, -0000.0000,  0000.0000,  0017.1509, -0000.0000, -0000.0000,  0004.9692, ]
[-0000.1241,  0000.0144,  0000.0007,  0004.9693,  0000.0002, -0000.0000,  0048.9875, -0000.0006,  0000.0000, ]
[ 0000.0000, -0000.1243,  0000.0011, -0000.0000,  0004.9692, -0000.0000, -0000.0006,  0048.9876,  0000.0000, ]
[ 0000.0000, -0000.0007, -0000.1235, -0000.0000,  0000.0000,  0004.9692,  0000.0000,  0000.0000,  0048.9877, ]

Time Elapsed: 0.600000s
PREDICT
[ 0000.1373, ]
[-0000.0568, ]
[ 0000.2802, ]
[ 0001.0149, ]
[-0000.0000, ]
[-0000.0000, ]
[ 0000.1739, ]
[ 0000.0000, ]
[-0000.0000, ]

[ 0010.1084, -0000.0283,  0000.0380, -0000.5464, -0000.0001,  0000.0013, -0000.4553, -0000.0000,  0000.0009, ]
[-0000.0283,  0010.0221, -0000.0033,  0000.0397, -0000.5435, -0000.0034,  0000.0436, -0000.4538, -0000.0031, ]
[ 0000.0380, -0000.0033,  0009.8631,  0000.0007,  0000.0043, -0000.5400,  0000.0006,  0000.0036, -0000.4506, ]
[-0000.5464,  0000.0397,  0000.0007,  0031.7276,  0000.0004, -0000.0000,  0018.1390, -0000.0001, -0000.0000, ]
[-0000.0001, -0000.5435,  0000.0043,  0000.0004,  0031.7276,  0000.0001,  0000.0006,  0018.1391,  0000.0001, ]
[ 0000.0013, -0000.0034, -0000.5400, -0000.0000,  0000.0001,  0031.7276,  0000.0000, -0000.0000,  0018.1390, ]
[-0000.4553,  0000.0436,  0000.0006,  0018.1390,  0000.0006,  0000.0000,  0058.9875, -0000.0012,  0000.0001, ]
[-0000.0000, -0000.4538,  0000.0036, -0000.0001,  0018.1391, -0000.0000, -0000.0012,  0058.9876,  0000.0000, ]
[ 0000.0009, -0000.0031, -0000.4506, -0000.0000,  0000.0001,  0018.1390,  0000.0001,  0000.0000,  0058.9877, ]

UPDATE
[ 0000.1376, ]
[-0000.0568, ]
[ 0000.2802, ]
[ 0001.0051, ]
[-0000.0000, ]
[-0000.0000, ]
[ 0000.1657, ]
[ 0000.0000, ]
[ 0000.0000, ]

[ 0010.0993, -0000.0277,  0000.0381, -0000.1849, -0000.0000,  0000.0004, -0000.1535, -0000.0000,  0000.0002, ]
[-0000.0277,  0010.0131, -0000.0033,  0000.0134, -0000.1839, -0000.0011,  0000.0217, -0000.1536, -0000.0012, ]
[ 0000.0381, -0000.0033,  0009.8543,  0000.0002,  0000.0014, -0000.1827,  0000.0002,  0000.0013, -0000.1523, ]
[-0000.1849,  0000.0134,  0000.0002,  0017.3516,  0000.0000, -0000.0000,  0006.1374, -0000.0001, -0000.0000, ]
[-0000.0000, -0000.1839,  0000.0015,  0000.0002,  0017.3516,  0000.0000,  0000.0003,  0006.1374,  0000.0000, ]
[ 0000.0004, -0000.0012, -0000.1827, -0000.0000,  0000.0000,  0017.3516,  0000.0000,  0000.0000,  0006.1374, ]
[-0000.1535,  0000.0217,  0000.0002,  0006.1374,  0000.0001,  0000.0000,  0048.9681, -0000.0014,  0000.0000, ]
[-0000.0000, -0000.1536,  0000.0013,  0000.0000,  0006.1374, -0000.0000, -0000.0013,  0048.9681,  0000.0000, ]
[ 0000.0002, -0000.0012, -0000.1523, -0000.0000,  0000.0001,  0006.1374,  0000.0000,  0000.0000,  0048.9683, ]

Time Elapsed: 0.700000s
PREDICT
[-0000.0286, ]
[ 0000.1529, ]
[ 0000.0195, ]
[ 0001.0216, ]
[-0000.0000, ]
[-0000.0000, ]
[ 0000.1657, ]
[ 0000.0000, ]
[ 0000.0000, ]

[ 0010.0068,  0000.1523,  0000.0192, -0000.5840,  0000.0003,  0000.0017, -0000.5296,  0000.0003,  0000.0014, ]
[ 0000.1523,  0008.7233, -0000.1688,  0000.0355, -0000.5825, -0000.0034,  0000.0419, -0000.5290, -0000.0036, ]
[ 0000.0192, -0000.1688,  0009.9943,  0000.0141,  0000.0072, -0000.5790,  0000.0156,  0000.0070, -0000.5254, ]
[-0000.5840,  0000.0355,  0000.0141,  0033.2531,  0000.0009,  0000.0000,  0021.1096,  0000.0001,  0000.0000, ]
[ 0000.0003, -0000.5825,  0000.0072,  0000.0009,  0033.2532,  0000.0001,  0000.0003,  0021.1097,  0000.0002, ]
[ 0000.0017, -0000.0034, -0000.5790,  0000.0000,  0000.0001,  0033.2531,  0000.0001, -0000.0001,  0021.1097, ]
[-0000.5296,  0000.0419,  0000.0156,  0021.1096,  0000.0003,  0000.0001,  0058.9681, -0000.0024,  0000.0001, ]
[ 0000.0003, -0000.5290,  0000.0070,  0000.0001,  0021.1097, -0000.0001, -0000.0024,  0058.9681,  0000.0001, ]
[ 0000.0014, -0000.0036, -0000.5254,  0000.0000,  0000.0002,  0021.1097,  0000.0001,  0000.0001,  0058.9683, ]

UPDATE
[-0000.0282, ]
[ 0000.1529, ]
[ 0000.0195, ]
[ 0001.0070, ]
[-0000.0000, ]
[-0000.0000, ]
[ 0000.1524, ]
[ 0000.0000, ]
[-0000.0000, ]

[ 0009.9969,  0000.1529,  0000.0195, -0000.1888,  0000.0001,  0000.0005, -0000.1709,  0000.0001,  0000.0004, ]
[ 0000.1529,  0008.7134, -0000.1688,  0000.0115, -0000.1883, -0000.0011,  0000.0201, -0000.1711, -0000.0015, ]
[ 0000.0195, -0000.1688,  0009.9846,  0000.0045,  0000.0023, -0000.1872,  0000.0069,  0000.0026, -0000.1697, ]
[-0000.1888,  0000.0115,  0000.0045,  0017.5185,  0000.0001,  0000.0000,  0006.8254, -0000.0002,  0000.0000, ]
[ 0000.0001, -0000.1883,  0000.0023,  0000.0005,  0017.5185,  0000.0000,  0000.0003,  0006.8255,  0000.0000, ]
[ 0000.0005, -0000.0011, -0000.1872,  0000.0000,  0000.0001,  0017.5185,  0000.0000,  0000.0000,  0006.8255, ]
[-0000.1709,  0000.0201,  0000.0069,  0006.8254, -0000.0001,  0000.0000,  0046.0007, -0000.0023,  0000.0000, ]
[ 0000.0001, -0000.1711,  0000.0026,  0000.0002,  0006.8255, -0000.0000, -0000.0019,  0046.0006,  0000.0000, ]
[ 0000.0004, -0000.0015, -0000.1697,  0000.0000,  0000.0001,  0006.8255,  0000.0000,  0000.0001,  0046.0008, ]

Time Elapsed: 0.800000s
PREDICT
[ 0000.0175, ]
[ 0000.0288, ]
[-0000.2905, ]
[ 0001.0222, ]
[-0000.0000, ]
[-0000.0000, ]
[ 0000.1524, ]
[ 0000.0000, ]
[-0000.0000, ]

[ 0010.0345, -0000.0075,  0000.0078, -0000.6076,  0000.0005,  0000.0013, -0000.5570,  0000.0004,  0000.0012, ]
[-0000.0075,  0009.9983,  0000.1406,  0000.0457, -0000.6022, -0000.0029,  0000.0538, -0000.5524, -0000.0032, ]
[ 0000.0078,  0000.1406,  0008.9929, -0000.0037,  0000.0055, -0000.5999, -0000.0041,  0000.0056, -0000.5499, ]
[-0000.6076,  0000.0457, -0000.0037,  0034.1472,  0000.0016,  0000.0003,  0022.1571,  0000.0005,  0000.0003, ]
[ 0000.0005, -0000.6022,  0000.0055,  0000.0016,  0034.1469,  0000.0001, -0000.0008,  0022.1566,  0000.0002, ]
[ 0000.0013, -0000.0029, -0000.5999,  0000.0003,  0000.0001,  0034.1473,  0000.0002, -0000.0001,  0022.1573, ]
[-0000.5570,  0000.0538, -0000.0041,  0022.1571, -0000.0008,  0000.0002,  0056.0007, -0000.0036,  0000.0001, ]
[ 0000.0004, -0000.5524,  0000.0056,  0000.0005,  0022.1566, -0000.0001, -0000.0036,  0056.0006,  0000.0002, ]
[ 0000.0012, -0000.0032, -0000.5499,  0000.0003,  0000.0002,  0022.1573,  0000.0001,  0000.0002,  0056.0008, ]

UPDATE
[ 0000.0179, ]
[ 0000.0287, ]
[-0000.2905, ]
[ 0001.0070, ]
[-0000.0000, ]
[-0000.0000, ]
[ 0000.1384, ]
[ 0000.0000, ]
[-0000.0000, ]

[ 0010.0241, -0000.0067,  0000.0077, -0000.1915,  0000.0002,  0000.0004, -0000.1751,  0000.0001,  0000.0003, ]
[-0000.0067,  0009.9879,  0000.1406,  0000.0144, -0000.1898, -0000.0009,  0000.0250, -0000.1739, -0000.0014, ]
[ 0000.0077,  0000.1406,  0008.9827, -0000.0012,  0000.0017, -0000.1891, -0000.0018,  0000.0021, -0000.1729, ]
[-0000.1915,  0000.0144, -0000.0012,  0017.6096,  0000.0002,  0000.0000,  0006.9825, -0000.0001,  0000.0000, ]
[ 0000.0001, -0000.1898,  0000.0017,  0000.0009,  0017.6096,  0000.0000,  0000.0001,  0006.9824,  0000.0000, ]
[ 0000.0004, -0000.0009, -0000.1891,  0000.0002,  0000.0000,  0017.6096,  0000.0001, -0000.0000,  0006.9825, ]
[-0000.1751,  0000.0251, -0000.0018,  0006.9825, -0000.0005,  0000.0000,  0042.0766, -0000.0029, -0000.0001, ]
[ 0000.0001, -0000.1739,  0000.0021,  0000.0005,  0006.9824, -0000.0001, -0000.0023,  0042.0770,  0000.0002, ]
[ 0000.0003, -0000.0014, -0000.1729,  0000.0002,  0000.0001,  0006.9825,  0000.0000,  0000.0002,  0042.0766, ]

Time Elapsed: 0.900000s
PREDICT
[ 0000.0164, ]
[ 0000.0967, ]
[ 0000.0088, ]
[ 0001.0208, ]
[-0000.0000, ]
[-0000.0000, ]
[ 0000.1384, ]
[ 0000.0000, ]
[-0000.0000, ]

[ 0010.0704,  0000.2457,  0000.0230, -0000.6094,  0000.0001,  0000.0016, -0000.5424,  0000.0001,  0000.0013, ]
[ 0000.2457,  0010.8318,  0000.0756,  0000.0378, -0000.6070, -0000.0042,  0000.0437, -0000.5404, -0000.0043, ]
[ 0000.0230,  0000.0756,  0010.0238, -0000.0024,  0000.0017, -0000.6035, -0000.0022,  0000.0016, -0000.5368, ]
[-0000.6094,  0000.0378, -0000.0024,  0034.2790,  0000.0020,  0000.0004,  0021.6182,  0000.0012,  0000.0004, ]
[ 0000.0001, -0000.6070,  0000.0017,  0000.0020,  0034.2790,  0000.0002, -0000.0023,  0021.6182,  0000.0004, ]
[ 0000.0016, -0000.0042, -0000.6035,  0000.0004,  0000.0002,  0034.2789, -0000.0001,  0000.0000,  0021.6180, ]
[-0000.5424,  0000.0437, -0000.0022,  0021.6182, -0000.0023, -0000.0001,  0052.0766, -0000.0042, -0000.0000, ]
[ 0000.0001, -0000.5404,  0000.0016,  0000.0012,  0021.6182,  0000.0000, -0000.0042,  0052.0770,  0000.0004, ]
[ 0000.0013, -0000.0043, -0000.5368,  0000.0004,  0000.0004,  0021.6180, -0000.0000,  0000.0004,  0052.0766, ]

UPDATE
[ 0000.0168, ]
[ 0000.0967, ]
[ 0000.0088, ]
[ 0001.0065, ]
[-0000.0000, ]
[-0000.0000, ]
[ 0000.1257, ]
[ 0000.0000, ]
[-0000.0000, ]

[ 0010.0599,  0000.2464,  0000.0230, -0000.1913,  0000.0000,  0000.0005, -0000.1701,  0000.0000,  0000.0004, ]
[ 0000.2464,  0010.8214,  0000.0756,  0000.0119, -0000.1906, -0000.0013,  0000.0206, -0000.1696, -0000.0017, ]
[ 0000.0230,  0000.0756,  0010.0136, -0000.0007,  0000.0005, -0000.1895, -0000.0007,  0000.0006, -0000.1682, ]
[-0000.1913,  0000.0119, -0000.0007,  0017.6227,  0000.0002,  0000.0000,  0006.7873, -0000.0000,  0000.0001, ]
[ 0000.0000, -0000.1906,  0000.0005,  0000.0011,  0017.6227,  0000.0000, -0000.0003,  0006.7873,  0000.0001, ]
[ 0000.0005, -0000.0013, -0000.1895,  0000.0002,  0000.0001,  0017.6226,  0000.0000,  0000.0001,  0006.7872, ]
[-0000.1701,  0000.0206, -0000.0007,  0006.7873, -0000.0011, -0000.0001,  0038.8710, -0000.0028, -0000.0001, ]
[ 0000.0000, -0000.1696,  0000.0006,  0000.0008,  0006.7873, -0000.0000, -0000.0021,  0038.8715,  0000.0003, ]
[ 0000.0004, -0000.0017, -0000.1682,  0000.0002,  0000.0002,  0006.7872,  0000.0001,  0000.0003,  0038.8712, ]

Time Elapsed: 1.000000s
PREDICT
[ 0000.0738, ]
[ 0000.0062, ]
[-0000.3104, ]
[ 0001.0191, ]
[-0000.0000, ]
[-0000.0000, ]
[ 0000.1257, ]
[ 0000.0000, ]
[-0000.0000, ]

[ 0010.0579, -0000.0146,  0000.0173, -0000.6018,  0000.0004,  0000.0015, -0000.5128,  0000.0003,  0000.0012, ]
[-0000.0146,  0010.0141,  0000.0523,  0000.0450, -0000.5975, -0000.0035,  0000.0504, -0000.5095, -0000.0036, ]
[ 0000.0173,  0000.0523,  0009.4811,  0000.0005,  0000.0051, -0000.5946,  0000.0008,  0000.0048, -0000.5066, ]
[-0000.6018,  0000.0450,  0000.0005,  0033.9272,  0000.0024,  0000.0005,  0020.4060,  0000.0021,  0000.0006, ]
[ 0000.0004, -0000.5975,  0000.0051,  0000.0024,  0033.9275,  0000.0003, -0000.0037,  0020.4064,  0000.0006, ]
[ 0000.0015, -0000.0035, -0000.5946,  0000.0005,  0000.0003,  0033.9273, -0000.0003,  0000.0000,  0020.4060, ]
[-0000.5128,  0000.0504,  0000.0008,  0020.4060, -0000.0037, -0000.0003,  0048.8710, -0000.0037,  0000.0001, ]
[ 0000.0003, -0000.5095,  0000.0048,  0000.0021,  0020.4064,  0000.0000, -0000.0037,  0048.8715,  0000.0006, ]
[ 0000.0012, -0000.0036, -0000.5066,  0000.0006,  0000.0006,  0020.4060,  0000.0001,  0000.0006,  0048.8712, ]

UPDATE
[ 0000.0742, ]
[ 0000.0062, ]
[-0000.3104, ]
[ 0001.0061, ]
[-0000.0000, ]
[-0000.0000, ]
[ 0000.1145, ]
[ 0000.0000, ]
[-0000.0000, ]

[ 0010.0475, -0000.0138,  0000.0174, -0000.1908,  0000.0001,  0000.0005, -0000.1623,  0000.0001,  0000.0003, ]
[-0000.0138,  0010.0038,  0000.0523,  0000.0142, -0000.1895, -0000.0011,  0000.0241, -0000.1615, -0000.0015, ]
[ 0000.0174,  0000.0523,  0009.4711,  0000.0002,  0000.0016, -0000.1886,  0000.0004,  0000.0018, -0000.1603, ]
[-0000.1908,  0000.0143,  0000.0002,  0017.5876,  0000.0002,  0000.0000,  0006.4710,  0000.0002,  0000.0001, ]
[ 0000.0001, -0000.1895,  0000.0016,  0000.0013,  0017.5877,  0000.0000, -0000.0007,  0006.4711,  0000.0001, ]
[ 0000.0005, -0000.0011, -0000.1886,  0000.0003,  0000.0002,  0017.5876, -0000.0000,  0000.0001,  0006.4710, ]
[-0000.1623,  0000.0241,  0000.0004,  0006.4710, -0000.0016, -0000.0002,  0036.9868, -0000.0020,  0000.0001, ]
[ 0000.0001, -0000.1615,  0000.0018,  0000.0011,  0006.4711, -0000.0001, -0000.0012,  0036.9868,  0000.0004, ]
[ 0000.0003, -0000.0015, -0000.1603,  0000.0003,  0000.0003,  0006.4710,  0000.0003,  0000.0005,  0036.9869, ]

Time Elapsed: 1.100000s
PREDICT
[ 0000.0252, ]
[ 0000.1258, ]
[-0000.0016, ]
[ 0001.0175, ]
[-0000.0000, ]
[-0000.0000, ]
[ 0000.1145, ]
[ 0000.0000, ]
[-0000.0000, ]

[ 0010.0985,  0000.3412, -0000.0053, -0000.5884,  0000.0002,  0000.0016, -0000.4827,  0000.0001,  0000.0012, ]
[ 0000.3412,  0011.1736, -0000.0165,  0000.0349, -0000.5868, -0000.0044,  0000.0383, -0000.4817, -0000.0041, ]
[-0000.0053, -0000.0165,  0010.0167,  0000.0028,  0000.0013, -0000.5833,  0000.0037,  0000.0012, -0000.4784, ]
[-0000.5884,  0000.0349,  0000.0028,  0033.4455,  0000.0027,  0000.0006,  0019.2431,  0000.0033,  0000.0009, ]
[ 0000.0002, -0000.5868,  0000.0013,  0000.0027,  0033.4456,  0000.0006, -0000.0044,  0019.2434,  0000.0009, ]
[ 0000.0016, -0000.0044, -0000.5833,  0000.0006,  0000.0006,  0033.4454, -0000.0005,  0000.0000,  0019.2431, ]
[-0000.4827,  0000.0383,  0000.0037,  0019.2431, -0000.0044, -0000.0005,  0046.9868, -0000.0018,  0000.0005, ]
[ 0000.0001, -0000.4817,  0000.0012,  0000.0033,  0019.2434,  0000.0000, -0000.0018,  0046.9868,  0000.0010, ]
[ 0000.0012, -0000.0041, -0000.4784,  0000.0009,  0000.0009,  0019.2431,  0000.0005,  0000.0010,  0046.9869, ]

UPDATE
[ 0000.0255, ]
[ 0000.1258, ]
[-0000.0016, ]
[ 0001.0056, ]
[-0000.0000, ]
[-0000.0000, ]
[ 0000.1048, ]
[ 0000.0000, ]
[-0000.0000, ]

[ 0010.0885,  0000.3418, -0000.0052, -0000.1892,  0000.0001,  0000.0005, -0000.1550,  0000.0000,  0000.0003, ]
[ 0000.3418,  0011.1636, -0000.0165,  0000.0112, -0000.1887, -0000.0014,  0000.0187, -0000.1549, -0000.0016, ]
[-0000.0052, -0000.0165,  0010.0068,  0000.0009,  0000.0004, -0000.1876,  0000.0021,  0000.0005, -0000.1535, ]
[-0000.1892,  0000.0112,  0000.0009,  0017.5385,  0000.0003,  0000.0001,  0006.1873,  0000.0006,  0000.0002, ]
[ 0000.0000, -0000.1887,  0000.0004,  0000.0015,  0017.5385,  0000.0001, -0000.0009,  0006.1874,  0000.0002, ]
[ 0000.0005, -0000.0014, -0000.1876,  0000.0003,  0000.0003,  0017.5385, -0000.0000,  0000.0001,  0006.1873, ]
[-0000.1550,  0000.0188,  0000.0021,  0006.1873, -0000.0019, -0000.0003,  0036.2711, -0000.0004,  0000.0004, ]
[ 0000.0000, -0000.1549,  0000.0005,  0000.0016,  0006.1874, -0000.0001,  0000.0004,  0036.2708,  0000.0006, ]
[ 0000.0003, -0000.0016, -0000.1535,  0000.0004,  0000.0004,  0006.1873,  0000.0006,  0000.0008,  0036.2712, ]

Time Elapsed: 1.200000s
PREDICT
[ 0000.0377, ]
[-0000.0211, ]
[-0000.2993, ]
[ 0001.0161, ]
[-0000.0000, ]
[-0000.0000, ]
[ 0000.1048, ]
[ 0000.0000, ]
[-0000.0000, ]

[ 0010.0393, -0000.0075,  0000.0231, -0000.5797,  0000.0004,  0000.0014, -0000.4633,  0000.0003,  0000.0010, ]
[-0000.0075,  0010.0170, -0000.0170,  0000.0432, -0000.5754, -0000.0033,  0000.0463, -0000.4603, -0000.0032, ]
[ 0000.0231, -0000.0170,  0009.2210,  0000.0009,  0000.0046, -0000.5728,  0000.0012,  0000.0041, -0000.4579, ]
[-0000.5797,  0000.0432,  0000.0009,  0033.0444,  0000.0032,  0000.0008,  0018.4371,  0000.0051,  0000.0014, ]
[ 0000.0004, -0000.5754,  0000.0046,  0000.0032,  0033.0447,  0000.0008, -0000.0045,  0018.4375,  0000.0014, ]
[ 0000.0014, -0000.0033, -0000.5728,  0000.0008,  0000.0008,  0033.0444, -0000.0004, -0000.0001,  0018.4372, ]
[-0000.4633,  0000.0463,  0000.0012,  0018.4371, -0000.0045, -0000.0004,  0046.2711,  0000.0013,  0000.0012, ]
[ 0000.0003, -0000.4603,  0000.0041,  0000.0051,  0018.4375, -0000.0001,  0000.0013,  0046.2708,  0000.0015, ]
[ 0000.0010, -0000.0032, -0000.4579,  0000.0014,  0000.0014,  0018.4372,  0000.0012,  0000.0015,  0046.2712, ]

UPDATE
[ 0000.0380, ]
[-0000.0211, ]
[-0000.2993, ]
[ 0001.0052, ]
[-0000.0000, ]
[-0000.0000, ]
[ 0000.0961, ]
[-0000.0000, ]
[-0000.0000, ]

[ 0010.0294, -0000.0067,  0000.0232, -0000.1886,  0000.0002,  0000.0005, -0000.1504,  0000.0001,  0000.0003, ]
[-0000.0067,  0010.0072, -0000.0170,  0000.0140, -0000.1872, -0000.0011,  0000.0228, -0000.1497, -0000.0014, ]
[ 0000.0232, -0000.0170,  0009.2114,  0000.0003,  0000.0015, -0000.1863,  0000.0007,  0000.0016, -0000.1486, ]
[-0000.1886,  0000.0141,  0000.0003,  0017.4966,  0000.0003,  0000.0001,  0005.9978,  0000.0011,  0000.0003, ]
[ 0000.0001, -0000.1872,  0000.0015,  0000.0018,  0017.4966,  0000.0001, -0000.0009,  0005.9979,  0000.0003, ]
[ 0000.0005, -0000.0011, -0000.1863,  0000.0004,  0000.0004,  0017.4966,  0000.0000,  0000.0001,  0005.9978, ]
[-0000.1504,  0000.0229,  0000.0007,  0005.9978, -0000.0020, -0000.0003,  0036.3188,  0000.0019,  0000.0009, ]
[ 0000.0000, -0000.1497,  0000.0016,  0000.0022,  0005.9979, -0000.0002,  0000.0028,  0036.3181,  0000.0010, ]
[ 0000.0003, -0000.0014, -0000.1486,  0000.0006,  0000.0006,  0005.9978,  0000.0011,  0000.0012,  0036.3188, ]

Time Elapsed: 1.300000s
PREDICT
[ 0000.0252, ]
[ 0000.1346, ]
[-0000.0113, ]
[ 0001.0149, ]
[-0000.0000, ]
[-0000.0000, ]
[ 0000.0961, ]
[-0000.0000, ]
[-0000.0000, ]

[ 0010.0875,  0000.3272, -0000.0286, -0000.5721, -0000.0000,  0000.0015, -0000.4520, -0000.0001,  0000.0010, ]
[ 0000.3272,  0011.2198, -0000.1035,  0000.0342, -0000.5703, -0000.0041,  0000.0367, -0000.4509, -0000.0036, ]
[-0000.0286, -0000.1035,  0010.0249,  0000.0003,  0000.0015, -0000.5668,  0000.0009,  0000.0013, -0000.4477, ]
[-0000.5721,  0000.0342,  0000.0003,  0032.7918,  0000.0041,  0000.0011,  0018.0195,  0000.0077,  0000.0021, ]
[-0000.0000, -0000.5703,  0000.0015,  0000.0041,  0032.7919,  0000.0011, -0000.0039,  0018.0197,  0000.0020, ]
[ 0000.0015, -0000.0041, -0000.5668,  0000.0011,  0000.0011,  0032.7917, -0000.0003, -0000.0000,  0018.0194, ]
[-0000.4520,  0000.0367,  0000.0009,  0018.0195, -0000.0039, -0000.0003,  0046.3188,  0000.0059,  0000.0022, ]
[-0000.0001, -0000.4509,  0000.0013,  0000.0077,  0018.0197, -0000.0000,  0000.0059,  0046.3181,  0000.0023, ]
[ 0000.0010, -0000.0036, -0000.4477,  0000.0021,  0000.0020,  0018.0194,  0000.0022,  0000.0023,  0046.3188, ]

UPDATE
[ 0000.0255, ]
[ 0000.1346, ]
[-0000.0113, ]
[ 0001.0049, ]
[-0000.0000, ]
[-0000.0000, ]
[ 0000.0882, ]
[-0000.0000, ]
[-0000.0000, ]

[ 0010.0778,  0000.3278, -0000.0285, -0000.1875,  0000.0000,  0000.0005, -0000.1479, -0000.0000,  0000.0003, ]
[ 0000.3278,  0011.2102, -0000.1036,  0000.0112, -0000.1869, -0000.0013,  0000.0184, -0000.1478, -0000.0014, ]
[-0000.0285, -0000.1036,  0010.0154,  0000.0001,  0000.0005, -0000.1858,  0000.0007,  0000.0005, -0000.1465, ]
[-0000.1875,  0000.0112,  0000.0001,  0017.4696,  0000.0004,  0000.0001,  0005.9056,  0000.0018,  0000.0005, ]
[-0000.0000, -0000.1869,  0000.0005,  0000.0023,  0017.4696,  0000.0001, -0000.0006,  0005.9056,  0000.0005, ]
[ 0000.0005, -0000.0013, -0000.1858,  0000.0006,  0000.0006,  0017.4696,  0000.0001,  0000.0002,  0005.9056, ]
[-0000.1479,  0000.0184,  0000.0007,  0005.9056, -0000.0020, -0000.0003,  0036.7413,  0000.0051,  0000.0016, ]
[-0000.0001, -0000.1478,  0000.0005,  0000.0032,  0005.9056, -0000.0002,  0000.0062,  0036.7406,  0000.0016, ]
[ 0000.0002, -0000.0014, -0000.1465,  0000.0009,  0000.0009,  0005.9056,  0000.0019,  0000.0019,  0036.7414, ]

Time Elapsed: 1.400000s
PREDICT
[ 0000.0284, ]
[-0000.0401, ]
[-0000.2903, ]
[ 0001.0137, ]
[-0000.0000, ]
[-0000.0000, ]
[ 0000.0882, ]
[-0000.0000, ]
[-0000.0000, ]

[ 0010.0353, -0000.0049,  0000.0205, -0000.5705,  0000.0004,  0000.0013, -0000.4499,  0000.0001,  0000.0009, ]
[-0000.0049,  0010.0091, -0000.0811,  0000.0421, -0000.5662, -0000.0033,  0000.0448, -0000.4469, -0000.0031, ]
[ 0000.0205, -0000.0811,  0009.1587,  0000.0007,  0000.0044, -0000.5638,  0000.0011,  0000.0038, -0000.4447, ]
[-0000.5705,  0000.0421,  0000.0007,  0032.6781,  0000.0059,  0000.0016,  0017.9051,  0000.0117,  0000.0032, ]
[ 0000.0004, -0000.5662,  0000.0044,  0000.0059,  0032.6784,  0000.0016, -0000.0027,  0017.9053,  0000.0030, ]
[ 0000.0013, -0000.0033, -0000.5638,  0000.0016,  0000.0016,  0032.6782, -0000.0002, -0000.0000,  0017.9052, ]
[-0000.4499,  0000.0448,  0000.0011,  0017.9051, -0000.0027, -0000.0002,  0046.7413,  0000.0124,  0000.0037, ]
[ 0000.0001, -0000.4469,  0000.0038,  0000.0117,  0017.9053, -0000.0000,  0000.0124,  0046.7406,  0000.0037, ]
[ 0000.0009, -0000.0031, -0000.4447,  0000.0032,  0000.0030,  0017.9052,  0000.0037,  0000.0037,  0046.7414, ]

UPDATE
[ 0000.0287, ]
[-0000.0401, ]
[-0000.2903, ]
[ 0001.0045, ]
[-0000.0000, ]
[-0000.0000, ]
[ 0000.0809, ]
[-0000.0000, ]
[-0000.0000, ]

[ 0010.0256, -0000.0042,  0000.0205, -0000.1876,  0000.0002,  0000.0004, -0000.1476,  0000.0000,  0000.0002, ]
[-0000.0042,  0009.9996, -0000.0811,  0000.0138, -0000.1862, -0000.0011,  0000.0224, -0000.1469, -0000.0013, ]
[ 0000.0205, -0000.0811,  0009.1493,  0000.0002,  0000.0014, -0000.1854,  0000.0007,  0000.0014, -0000.1460, ]
[-0000.1876,  0000.0139,  0000.0002,  0017.4574,  0000.0006,  0000.0002,  0005.8878,  0000.0028,  0000.0008, ]
[ 0000.0001, -0000.1862,  0000.0014,  0000.0032,  0017.4574,  0000.0002,  0000.0001,  0005.8879,  0000.0007, ]
[ 0000.0004, -0000.0011, -0000.1854,  0000.0009,  0000.0009,  0017.4574,  0000.0002,  0000.0003,  0005.8878, ]
[-0000.1476,  0000.0224,  0000.0007,  0005.8878, -0000.0019, -0000.0004,  0037.2533,  0000.0093,  0000.0026, ]
[-0000.0000, -0000.1469,  0000.0014,  0000.0049,  0005.8879, -0000.0003,  0000.0109,  0037.2524,  0000.0025, ]
[ 0000.0002, -0000.0014, -0000.1460,  0000.0013,  0000.0013,  0005.8878,  0000.0031,  0000.0030,  0037.2533, ]

Time Elapsed: 1.500000s
PREDICT
[ 0000.0207, ]
[ 0000.1158, ]
[-0000.0169, ]
[ 0001.0126, ]
[-0000.0000, ]
[-0000.0000, ]
[ 0000.0809, ]
[-0000.0000, ]
[-0000.0000, ]

[ 0010.0762,  0000.2784, -0000.0419, -0000.5689, -0000.0002,  0000.0014, -0000.4510, -0000.0004,  0000.0009, ]
[ 0000.2784,  0011.0030, -0000.1467,  0000.0339, -0000.5671, -0000.0041,  0000.0367, -0000.4499, -0000.0036, ]
[-0000.0419, -0000.1467,  0010.0377, -0000.0001,  0000.0016, -0000.5636,  0000.0004,  0000.0014, -0000.4467, ]
[-0000.5689,  0000.0339, -0000.0001,  0032.6649,  0000.0090,  0000.0025,  0017.9786,  0000.0178,  0000.0048, ]
[-0000.0002, -0000.5671,  0000.0016,  0000.0090,  0032.6649,  0000.0023, -0000.0011,  0017.9785,  0000.0045, ]
[ 0000.0014, -0000.0041, -0000.5636,  0000.0025,  0000.0023,  0032.6648,  0000.0000,  0000.0001,  0017.9784, ]
[-0000.4510,  0000.0367,  0000.0004,  0017.9786, -0000.0011,  0000.0000,  0047.2533,  0000.0214,  0000.0059, ]
[-0000.0004, -0000.4499,  0000.0014,  0000.0178,  0017.9785,  0000.0001,  0000.0214,  0047.2524,  0000.0057, ]
[ 0000.0009, -0000.0036, -0000.4467,  0000.0048,  0000.0045,  0017.9784,  0000.0059,  0000.0057,  0047.2533, ]

UPDATE
[ 0000.0210, ]
[ 0000.1158, ]
[-0000.0169, ]
[ 0001.0041, ]
[-0000.0000, ]
[-0000.0000, ]
[ 0000.0742, ]
[-0000.0000, ]
[-0000.0000, ]

[ 0010.0666,  0000.2790, -0000.0419, -0000.1872, -0000.0000,  0000.0005, -0000.1481, -0000.0001,  0000.0002, ]
[ 0000.2790,  0010.9935, -0000.1468,  0000.0111, -0000.1866, -0000.0013,  0000.0185, -0000.1480, -0000.0014, ]
[-0000.0419, -0000.1468,  0010.0283, -0000.0001,  0000.0005, -0000.1854,  0000.0004,  0000.0005, -0000.1467, ]
[-0000.1872,  0000.0112, -0000.0000,  0017.4559,  0000.0010,  0000.0003,  0005.9143,  0000.0043,  0000.0011, ]
[-0000.0001, -0000.1866,  0000.0005,  0000.0049,  0017.4560,  0000.0002,  0000.0012,  0005.9143,  0000.0011, ]
[ 0000.0004, -0000.0013, -0000.1854,  0000.0013,  0000.0013,  0017.4559,  0000.0004,  0000.0004,  0005.9143, ]
[-0000.1481,  0000.0186,  0000.0005,  0005.9143, -0000.0019, -0000.0004,  0037.6835,  0000.0151,  0000.0040, ]
[-0000.0002, -0000.1480,  0000.0005,  0000.0074,  0005.9143, -0000.0004,  0000.0175,  0037.6827,  0000.0039, ]
[ 0000.0002, -0000.0014, -0000.1467,  0000.0020,  0000.0019,  0005.9143,  0000.0047,  0000.0045,  0037.6837, ]

Time Elapsed: 1.600000s
PREDICT
[ 0000.0452, ]
[-0000.0604, ]
[-0000.2950, ]
[ 0001.0116, ]
[-0000.0000, ]
[-0000.0000, ]
[ 0000.0742, ]
[-0000.0000, ]
[-0000.0000, ]

[ 0010.0413, -0000.0049,  0000.0243, -0000.5712,  0000.0002,  0000.0013, -0000.4556, -0000.0003,  0000.0008, ]
[-0000.0049,  0010.0016, -0000.1040,  0000.0417, -0000.5670, -0000.0034,  0000.0451, -0000.4527, -0000.0032, ]
[ 0000.0243, -0000.1040,  0009.3243,  0000.0003,  0000.0043, -0000.5645,  0000.0007,  0000.0038, -0000.4504, ]
[-0000.5712,  0000.0417,  0000.0003,  0032.7085,  0000.0140,  0000.0037,  0018.1350,  0000.0273,  0000.0073, ]
[ 0000.0002, -0000.5670,  0000.0043,  0000.0140,  0032.7086,  0000.0034,  0000.0006,  0018.1351,  0000.0067, ]
[ 0000.0013, -0000.0034, -0000.5645,  0000.0037,  0000.0034,  0032.7085,  0000.0003,  0000.0003,  0018.1351, ]
[-0000.4556,  0000.0451,  0000.0007,  0018.1350,  0000.0006,  0000.0003,  0047.6835,  0000.0339,  0000.0091, ]
[-0000.0003, -0000.4527,  0000.0038,  0000.0273,  0018.1351,  0000.0003,  0000.0339,  0047.6827,  0000.0087, ]
[ 0000.0008, -0000.0032, -0000.4504,  0000.0073,  0000.0067,  0018.1351,  0000.0091,  0000.0087,  0047.6837, ]

UPDATE
[ 0000.0454, ]
[-0000.0605, ]
[-0000.2950, ]
[ 0001.0038, ]
[-0000.0000, ]
[-0000.0000, ]
[ 0000.0680, ]
[-0000.0000, ]
[-0000.0000, ]

[ 0010.0317, -0000.0042,  0000.0243, -0000.1876,  0000.0001,  0000.0004, -0000.1493, -0000.0001,  0000.0002, ]
[-0000.0041,  0009.9920, -0000.1040,  0000.0136, -0000.1863, -0000.0011,  0000.0225, -0000.1487, -0000.0014, ]
[ 0000.0243, -0000.1040,  0009.3148,  0000.0001,  0000.0014, -0000.1855,  0000.0005,  0000.0014, -0000.1477, ]
[-0000.1876,  0000.0138,  0000.0001,  0017.4607,  0000.0015,  0000.0004,  0005.9581,  0000.0065,  0000.0017, ]
[-0000.0000, -0000.1863,  0000.0014,  0000.0076,  0017.4607,  0000.0004,  0000.0026,  0005.9581,  0000.0016, ]
[ 0000.0004, -0000.0011, -0000.1855,  0000.0020,  0000.0019,  0017.4607,  0000.0007,  0000.0007,  0005.9581, ]
[-0000.1493,  0000.0226,  0000.0005,  0005.9581, -0000.0023, -0000.0006,  0037.9590,  0000.0229,  0000.0061, ]
[-0000.0002, -0000.1487,  0000.0015,  0000.0114,  0005.9581, -0000.0005,  0000.0268,  0037.9582,  0000.0059, ]
[ 0000.0002, -0000.0014, -0000.1477,  0000.0030,  0000.0028,  0005.9581,  0000.0072,  0000.0068,  0037.9591, ]

Time Elapsed: 1.700000s
PREDICT
[ 0000.0243, ]
[ 0000.1265, ]
[-0000.0279, ]
[ 0001.0106, ]
[-0000.0000, ]
[-0000.0000, ]
[ 0000.0680, ]
[-0000.0000, ]
[-0000.0000, ]

[ 0010.0868,  0000.3120, -0000.0708, -0000.5716, -0000.0005,  0000.0014, -0000.4589, -0000.0010,  0000.0008, ]
[ 0000.3120,  0011.1166, -0000.2469,  0000.0329, -0000.5700, -0000.0042,  0000.0364, -0000.4580, -0000.0039, ]
[-0000.0708, -0000.2469,  0010.0714,  0000.0015,  0000.0014, -0000.5665,  0000.0022,  0000.0013, -0000.4548, ]
[-0000.5716,  0000.0329,  0000.0015,  0032.7721,  0000.0218,  0000.0057,  0018.2971,  0000.0418,  0000.0110, ]
[-0000.0005, -0000.5700,  0000.0014,  0000.0218,  0032.7721,  0000.0052,  0000.0023,  0018.2969,  0000.0102, ]
[ 0000.0014, -0000.0042, -0000.5665,  0000.0057,  0000.0052,  0032.7720,  0000.0006,  0000.0006,  0018.2970, ]
[-0000.4589,  0000.0364,  0000.0022,  0018.2971,  0000.0023,  0000.0006,  0047.9590,  0000.0516,  0000.0137, ]
[-0000.0010, -0000.4580,  0000.0013,  0000.0418,  0018.2969,  0000.0006,  0000.0516,  0047.9582,  0000.0131, ]
[ 0000.0008, -0000.0039, -0000.4548,  0000.0110,  0000.0102,  0018.2970,  0000.0137,  0000.0131,  0047.9591, ]

UPDATE
[ 0000.0245, ]
[ 0000.1265, ]
[-0000.0279, ]
[ 0001.0035, ]
[-0000.0000, ]
[-0000.0000, ]
[ 0000.0623, ]
[-0000.0000, ]
[-0000.0000, ]

[ 0010.0772,  0000.3125, -0000.0708, -0000.1874, -0000.0001,  0000.0005, -0000.1503, -0000.0002,  0000.0002, ]
[ 0000.3125,  0011.1070, -0000.2470,  0000.0107, -0000.1869, -0000.0014,  0000.0183, -0000.1502, -0000.0015, ]
[-0000.0708, -0000.2470,  0010.0619,  0000.0005,  0000.0004, -0000.1858,  0000.0013,  0000.0005, -0000.1489, ]
[-0000.1874,  0000.0109,  0000.0005,  0017.4675,  0000.0023,  0000.0006,  0006.0001,  0000.0098,  0000.0026, ]
[-0000.0003, -0000.1869,  0000.0005,  0000.0119,  0017.4675,  0000.0006,  0000.0046,  0006.0000,  0000.0024, ]
